1|1
1|2
1|3
1|4
1|5
1|6
1|7
1|8
1|9
1|10
1|11
1|12
1|13
1|14
1|15
1|16
1|17
1|18
1|19
1|20
1|21
1|22
1|23
1|24
1|25
1|26
1|27
1|28
1|29
1|30
1|31
1|32
1|33
1|34
1|35
1|36
1|37
1|38
1|39
1|40
1|41
1|42
1|43
1|44
1|45
1|46
1|47
1|48
1|49
1|50
1|51
1|52
1|53
1|54
1|55
1|56
1|57
1|58
1|59
1|60
1|61
1|62
1|63
1|64
1|65
1|66
1|67
1|68
1|69
1|70
1|71
1|72
1|73
1|74
1|75
1|76
1|77
1|78
1|79
1|80
1|81
1|82
1|83
1|84
1|85
1|86
1|87
1|88
1|89
1|90
1|91
1|92
1|93
1|94
1|95
1|96
1|97
1|98
1|99
1|100
1|101
1|102
1|103
1|104
1|105
1|106
1|107
1|108
1|109
1|110
1|111
1|112
1|113
1|114
1|115
1|116
1|117
1|118
1|119
1|120
1|121
1|122
1|123
1|124
1|125
1|126
1|127
1|128
1|129
1|130
1|131
1|132
1|133
1|134
1|135
1|136
1|137
1|138
1|139
1|140
1|141
1|142
1|143
1|144
1|145
1|146
1|147
1|148
1|149
1|150
1|151
1|152
1|153
1|154
1|155
1|156
1|157
1|158
1|159
1|160
1|161
1|162
1|163
1|164
1|165
1|166
1|167
1|168
1|169
1|170
1|171
1|172
1|173
1|174
1|175
1|176
1|177
1|178
1|179
1|180
1|181
1|182
1|183
1|184
1|185
1|186
1|187
1|188
1|189
1|190
1|191
1|192
1|193
1|194
1|195
1|196
1|197
1|198
1|199
1|200
1|201
1|202
1|203
1|204
1|205
1|206
1|207
1|208
1|209
1|210
1|211
1|212
1|213
1|214
1|215
1|216
1|217
1|218
1|219
1|220
1|221
1|222
1|223
1|224
1|225
1|226
1|227
1|228
1|229
1|230
1|231
1|232
1|233
1|234
1|235
1|236
1|237
1|238
1|239
1|240
1|241
1|242
1|243
1|244
1|245
1|246
1|247
1|248
1|249
1|250
1|251
1|252
1|253
1|254
1|255
1|256
1|257
1|258
1|259
1|260
1|261
1|262
1|263
1|264
1|265
1|266
1|267
1|268
1|269
1|270
1|271
1|272
1|273
1|274
1|275
1|276
1|277
1|278
1|279
1|280
1|281
1|282
1|283
1|284
1|285
1|286
1|287
1|288
1|289
1|290
1|291
1|292
1|293
1|294
1|295
1|296
1|297
1|298
1|299
1|300
1|301
1|302
1|303
1|304
1|305
1|306
1|307
1|308
1|309
1|310
1|311
1|312
1|313
1|314
1|315
1|316
1|317
1|318
1|319
1|320
1|321
1|322
1|323
1|324
1|325
1|326
1|327
1|328
1|329
1|330
1|331
1|332
1|333
1|334
1|335
1|336
1|337
1|338
1|339
1|340
1|341
1|342
1|343
1|344
1|345
1|346
1|347
1|348
1|349
1|350
1|351
1|352
1|353
1|354
1|355
1|356
1|357
1|358
1|359
1|360
1|361
1|362
1|363
1|364
1|365
1|366
1|367
1|368
1|369
1|370
1|371
1|372
1|373
1|374
1|375
1|376
1|377
1|378
1|379
1|380
1|381
1|382
1|383
1|384
1|385
1|386
1|387
1|388
1|389
1|390
1|391
1|392
1|393
1|394
1|395
1|396
1|397
1|398
1|399
1|400
1|401
1|402
1|403
1|404
1|405
1|406
1|407
1|408
1|409
1|410
1|411
1|412
1|413
1|414
1|415
1|416
1|417
1|418
1|419
1|420
1|421
1|422
1|423
1|424
1|425
1|426
1|427
1|428
1|429
1|430
1|431
1|432
1|433
1|434
1|435
1|436
1|437
1|438
1|439
1|440
1|441
1|442
1|443
1|444
1|445
1|446
1|447
1|448
1|449
1|450
1|451
1|452
1|453
1|454
1|455
1|456
1|457
1|458
1|459
1|460
1|461
1|462
1|463
1|464
1|465
1|466
1|467
1|468
1|469
1|470
1|471
1|472
1|473
1|474
1|475
1|476
1|477
1|478
1|479
1|480
1|481
1|482
1|483
1|484
1|485
1|486
1|487
1|488
1|489
1|490
1|491
1|492
1|493
1|494
1|495
1|496
1|497
1|498
1|499
1|500
1|501
1|502
1|503
1|504
1|505
1|506
1|507
1|508
1|509
1|510
1|511
1|512
1|513
1|514
1|515
1|516
1|517
1|518
1|519
1|520
1|521
1|522
1|523
1|524
1|525
1|526
1|527
1|528
1|529
1|530
1|531
1|532
1|533
1|534
1|535
1|536
1|537
1|538
1|539
1|540
1|541
1|542
1|543
1|544
1|545
1|546
1|547
1|548
1|549
1|550
1|551
1|552
1|553
1|554
1|555
1|556
1|557
1|558
1|559
1|560
1|561
1|562
1|563
1|564
1|565
1|566
1|567
1|568
1|569
1|570
1|571
1|572
1|573
1|574
1|575
1|576
1|577
1|578
1|579
1|580
1|581
1|582
1|583
1|584
1|585
1|586
1|587
1|588
1|589
1|590
1|591
1|592
1|593
1|594
1|595
1|596
1|597
1|598
1|599
1|600
1|601
1|602
1|603
1|604
1|605
1|606
1|607
1|608
1|609
1|610
1|611
1|612
1|613
1|614
1|615
1|616
1|617
1|618
1|619
1|620
1|621
1|622
1|623
1|624
1|625
1|626
1|627
1|628
1|629
1|630
1|631
1|632
1|633
1|634
1|635
1|636
1|637
1|638
1|639
1|640
1|641
1|642
1|643
1|644
1|645
1|646
1|647
1|648
1|649
1|650
1|651
1|652
1|653
1|654
1|655
1|656
1|657
1|658
1|659
1|660
1|661
1|662
1|663
1|664
1|665
1|666
1|667
1|668
1|669
1|670
1|671
1|672
1|673
1|674
1|675
1|676
1|677
1|678
1|679
1|680
1|681
1|682
1|683
1|684
1|685
1|686
1|687
1|688
1|689
1|690
1|691
1|692
1|693
1|694
1|695
1|696
1|697
1|698
1|699
1|700
1|701
1|702
1|703
1|704
1|705
1|706
1|707
1|708
1|709
1|710
1|711
1|712
1|713
1|714
1|715
1|716
1|717
1|718
1|719
1|720
1|721
1|722
1|723
1|724
1|725
1|726
1|727
1|728
1|729
1|730
1|731
1|732
1|733
1|734
1|735
1|736
1|737
1|738
1|739
1|740
1|741
1|742
1|743
1|744
1|745
1|746
1|747
1|748
1|749
1|750
1|751
1|752
1|753
1|754
1|755
1|756
1|757
1|758
1|759
1|760
1|761
1|762
1|763
1|764
1|765
1|766
1|767
1|768
1|769
1|770
1|771
1|772
1|773
1|774
1|775
1|776
1|777
1|778
1|779
1|780
1|781
1|782
1|783
1|784
1|785
1|786
1|787
1|788
1|789
1|790
1|791
1|792
1|793
1|794
1|795
1|796
1|797
1|798
1|799
1|800
1|801
1|802
1|803
1|804
1|805
1|806
1|807
1|808
1|809
1|810
1|811
1|812
1|813
1|814
1|815
1|816
1|817
1|818
1|819
1|820
1|821
1|822
1|823
1|824
1|825
1|826
1|827
1|828
1|829
1|830
1|831
1|832
1|833
1|834
1|835
1|836
1|837
1|838
1|839
1|840
1|841
1|842
1|843
1|844
1|845
1|846
1|847
1|848
1|849
1|850
1|851
1|852
1|853
1|854
1|855
1|856
1|857
1|858
1|859
1|860
1|861
1|862
1|863
1|864
1|865
1|866
1|867
1|868
1|869
1|870
1|871
1|872
1|873
1|874
1|875
1|876
1|877
1|878
1|879
1|880
1|881
1|882
1|883
1|884
1|885
1|886
1|887
1|888
1|889
1|890
1|891
1|892
1|893
1|894
1|895
1|896
1|897
1|898
1|899
1|900
1|901
1|902
1|903
1|904
1|905
1|906
1|907
1|908
1|909
1|910
1|911
1|912
1|913
1|914
1|915
1|916
1|917
1|918
1|919
1|920
1|921
1|922
1|923
1|924
1|925
1|926
1|927
1|928
1|929
1|930
1|931
1|932
1|933
1|934
1|935
1|936
1|937
1|938
1|939
1|940
1|941
1|942
1|943
1|944
1|945
1|946
1|947
1|948
1|949
1|950
1|951
1|952
1|953
1|954
1|955
1|956
1|957
1|958
1|959
1|960
1|961
1|962
1|963
1|964
1|965
1|966
1|967
1|968
1|969
1|970
1|971
1|972
1|973
1|974
1|975
1|976
1|977
1|978
1|979
1|980
1|981
1|982
1|983
1|984
1|985
1|986
1|987
1|988
1|989
1|990
1|991
1|992
1|993
1|994
1|995
1|996
1|997
1|998
1|999
1|1000
1|1001
1|1002
1|1003
1|1004
1|1005
1|1006
1|1007
1|1008
1|1009
1|1010
1|1011
1|1012
1|1013
1|1014
1|1015
1|1016
1|1017
1|1018
1|1019
1|1020
1|1021
1|1022
1|1023
1|1024
1|1025
1|1026
1|1027
1|1028
1|1029
1|1030
1|1031
1|1032
1|1033
1|1034
1|1035
1|1036
1|1037
1|1038
1|1039
1|1040
1|1041
1|1042
1|1043
1|1044
1|1045
1|1046
1|1047
1|1048
1|1049
1|1050
1|1051
1|1052
1|1053
1|1054
1|1055
1|1056
1|1057
1|1058
1|1059
1|1060
1|1061
1|1062
1|1063
1|1064
1|1065
1|1066
1|1067
1|1068
1|1069
1|1070
1|1071
1|1072
1|1073
1|1074
1|1075
1|1076
1|1077
1|1078
1|1079
1|1080
1|1081
1|1082
1|1083
1|1084
1|1085
1|1086
1|1087
1|1088
1|1089
1|1090
1|1091
1|1092
1|1093
1|1094
1|1095
1|1096
1|1097
1|1098
1|1099
1|1100
1|1101
1|1102
1|1103
1|1104
1|1105
1|1106
1|1107
1|1108
1|1109
1|1110
1|1111
1|1112
1|1113
1|1114
1|1115
1|1116
1|1117
1|1118
1|1119
1|1120
1|1121
1|1122
1|1123
1|1124
1|1125
1|1126
1|1127
1|1128
1|1129
1|1130
1|1131
1|1132
1|1133
1|1134
1|1135
1|1136
1|1137
1|1138
1|1139
1|1140
1|1141
1|1142
1|1143
1|1144
1|1145
1|1146
1|1147
1|1148
1|1149
1|1150
1|1151
1|1152
1|1153
1|1154
1|1155
1|1156
1|1157
1|1158
1|1159
1|1160
1|1161
1|1162
1|1163
1|1164
1|1165
1|1166
1|1167
1|1168
1|1169
1|1170
1|1171
1|1172
1|1173
1|1174
1|1175
1|1176
1|1177
1|1178
1|1179
1|1180
1|1181
1|1182
1|1183
1|1184
1|1185
1|1186
1|1187
1|1188
1|1189
1|1190
1|1191
1|1192
1|1193
1|1194
1|1195
1|1196
1|1197
1|1198
1|1199
1|1200
1|1201
1|1202
1|1203
1|1204
1|1205
1|1206
1|1207
1|1208
1|1209
1|1210
1|1211
1|1212
1|1213
1|1214
1|1215
1|1216
1|1217
1|1218
1|1219
1|1220
1|1221
1|1222
1|1223
1|1224
1|1225
1|1226
1|1227
1|1228
1|1229
1|1230
1|1231
1|1232
1|1233
1|1234
1|1235
1|1236
1|1237
1|1238
1|1239
1|1240
1|1241
1|1242
1|1243
1|1244
1|1245
1|1246
1|1247
1|1248
1|1249
1|1250
1251|1251
1252|1252
1253|1253
1254|1254
1255|1255
1256|1256
1257|1257
1258|1258
1259|1259
1260|1260
1261|1261
1262|1262
1263|1263
1264|1264
1265|1265
1266|1266
1267|1267
1268|1268
1269|1269
1270|1270
1271|1271
1272|1272
1273|1273
1274|1274
1275|1275
1276|1276
1277|1277
1278|1278
1279|1279
1280|1280
1281|1281
1282|1282
1283|1283
1284|1284
1285|1285
1286|1286
1287|1287
1288|1288
1289|1289
1290|1290
1291|1291
1292|1292
1293|1293
1294|1294
1295|1295
1296|1296
1297|1297
1298|1298
1299|1299
1300|1300
1301|1301
1302|1302
1303|1303
1304|1304
1305|1305
1306|1306
1307|1307
1308|1308
1309|1309
1310|1310
1311|1311
1312|1312
1313|1313
1314|1314
1315|1315
1316|1316
1317|1317
1318|1318
1319|1319
1320|1320
1321|1321
1322|1322
1323|1323
1324|1324
1325|1325
1326|1326
1327|1327
1328|1328
1329|1329
1330|1330
1331|1331
1332|1332
1333|1333
1334|1334
1335|1335
1336|1336
1337|1337
1338|1338
1339|1339
1340|1340
1341|1341
1342|1342
1343|1343
1344|1344
1345|1345
1346|1346
1347|1347
1348|1348
1349|1349
1350|1350
1351|1351
1352|1352
1353|1353
1354|1354
1355|1355
1356|1356
1357|1357
1358|1358
1359|1359
1360|1360
1361|1361
1362|1362
1363|1363
1364|1364
1365|1365
1366|1366
1367|1367
1368|1368
1369|1369
1370|1370
1371|1371
1372|1372
1373|1373
1374|1374
1375|1375
1376|1376
1377|1377
1378|1378
1379|1379
1380|1380
1381|1381
1382|1382
1383|1383
1384|1384
1385|1385
1386|1386
1387|1387
1388|1388
1389|1389
1390|1390
1391|1391
1392|1392
1393|1393
1394|1394
1395|1395
1396|1396
1397|1397
1398|1398
1399|1399
1400|1400
1401|1401
1402|1402
1403|1403
1404|1404
1405|1405
1406|1406
1407|1407
1408|1408
1409|1409
1410|1410
1411|1411
1412|1412
1413|1413
1414|1414
1415|1415
1416|1416
1417|1417
1418|1418
1419|1419
1420|1420
1421|1421
1422|1422
1423|1423
1424|1424
1425|1425
1426|1426
1427|1427
1428|1428
1429|1429
1430|1430
1431|1431
1432|1432
1433|1433
1434|1434
1435|1435
1436|1436
1437|1437
1438|1438
1439|1439
1440|1440
1441|1441
1442|1442
1443|1443
1444|1444
1445|1445
1446|1446
1447|1447
1448|1448
1449|1449
1450|1450
1451|1451
1452|1452
1453|1453
1454|1454
1455|1455
1456|1456
1457|1457
1458|1458
1459|1459
1460|1460
1461|1461
1462|1462
1463|1463
1464|1464
1465|1465
1466|1466
1467|1467
1468|1468
1469|1469
1470|1470
1471|1471
1472|1472
1473|1473
1474|1474
1475|1475
1476|1476
1477|1477
1478|1478
1479|1479
1480|1480
1481|1481
1482|1482
1483|1483
1484|1484
1485|1485
1486|1486
1487|1487
1488|1488
1489|1489
1490|1490
1491|1491
1492|1492
1493|1493
1494|1494
1495|1495
1496|1496
1497|1497
1498|1498
1499|1499
1500|1500
1501|1501
1502|1502
1503|1503
1504|1504
1505|1505
1506|1506
1507|1507
1508|1508
1509|1509
1510|1510
1511|1511
1512|1512
1513|1513
1514|1514
1515|1515
1516|1516
1517|1517
1518|1518
1519|1519
1520|1520
1521|1521
1522|1522
1523|1523
1524|1524
1525|1525
1526|1526
1527|1527
1528|1528
1529|1529
1530|1530
1531|1531
1532|1532
1533|1533
1534|1534
1535|1535
1536|1536
1537|1537
1538|1538
1539|1539
1540|1540
1541|1541
1542|1542
1543|1543
1544|1544
1545|1545
1546|1546
1547|1547
1548|1548
1549|1549
1550|1550
1551|1551
1552|1552
1553|1553
1554|1554
1555|1555
1556|1556
1557|1557
1558|1558
1559|1559
1560|1560
1561|1561
1562|1562
1563|1563
1564|1564
1565|1565
1566|1566
1567|1567
1568|1568
1569|1569
1570|1570
1571|1571
1572|1572
1573|1573
1574|1574
1575|1575
1576|1576
1577|1577
1578|1578
1579|1579
1580|1580
1581|1581
1582|1582
1583|1583
1584|1584
1585|1585
1586|1586
1587|1587
1588|1588
1589|1589
1590|1590
1591|1591
1592|1592
1593|1593
1594|1594
1595|1595
1596|1596
1597|1597
1598|1598
1599|1599
1600|1600
1601|1601
1602|1602
1603|1603
1604|1604
1605|1605
1606|1606
1607|1607
1608|1608
1609|1609
1610|1610
1611|1611
1612|1612
1613|1613
1614|1614
1615|1615
1616|1616
1617|1617
1618|1618
1619|1619
1620|1620
1621|1621
1622|1622
1623|1623
1624|1624
1625|1625
1626|1626
1627|1627
1628|1628
1629|1629
1630|1630
1631|1631
1632|1632
1633|1633
1634|1634
1635|1635
1636|1636
1637|1637
1638|1638
1639|1639
1640|1640
1641|1641
1642|1642
1643|1643
1644|1644
1645|1645
1646|1646
1647|1647
1648|1648
1649|1649
1650|1650
1651|1651
1652|1652
1653|1653
1654|1654
1655|1655
1656|1656
1657|1657
1658|1658
1659|1659
1660|1660
1661|1661
1662|1662
1663|1663
1664|1664
1665|1665
1666|1666
1667|1667
1668|1668
1669|1669
1670|1670
1671|1671
1672|1672
1673|1673
1674|1674
1675|1675
1676|1676
1677|1677
1678|1678
1679|1679
1680|1680
1681|1681
1682|1682
1683|1683
1684|1684
1685|1685
1686|1686
1687|1687
1688|1688
1689|1689
1690|1690
1691|1691
1692|1692
1693|1693
1694|1694
1695|1695
1696|1696
1697|1697
1698|1698
1699|1699
1700|1700
1701|1701
1702|1702
1703|1703
1704|1704
1705|1705
1706|1706
1707|1707
1708|1708
1709|1709
1710|1710
1711|1711
1712|1712
1713|1713
1714|1714
1715|1715
1716|1716
1717|1717
1718|1718
1719|1719
1720|1720
1721|1721
1722|1722
1723|1723
1724|1724
1725|1725
1726|1726
1727|1727
1728|1728
1729|1729
1730|1730
1731|1731
1732|1732
1733|1733
1734|1734
1735|1735
1736|1736
1737|1737
1738|1738
1739|1739
1740|1740
1741|1741
1742|1742
1743|1743
1744|1744
1745|1745
1746|1746
1747|1747
1748|1748
1749|1749
1750|1750
1751|1751
1752|1752
1753|1753
1754|1754
1755|1755
1756|1756
1757|1757
1758|1758
1759|1759
1760|1760
1761|1761
1762|1762
1763|1763
1764|1764
1765|1765
1766|1766
1767|1767
1768|1768
1769|1769
1770|1770
1771|1771
1772|1772
1773|1773
1774|1774
1775|1775
1776|1776
1777|1777
1778|1778
1779|1779
1780|1780
1781|1781
1782|1782
1783|1783
1784|1784
1785|1785
1786|1786
1787|1787
1788|1788
1789|1789
1790|1790
1791|1791
1792|1792
1793|1793
1794|1794
1795|1795
1796|1796
1797|1797
1798|1798
1799|1799
1800|1800
1801|1801
1802|1802
1803|1803
1804|1804
1805|1805
1806|1806
1807|1807
1808|1808
1809|1809
1810|1810
1811|1811
1812|1812
1813|1813
1814|1814
1815|1815
1816|1816
1817|1817
1818|1818
1819|1819
1820|1820
1821|1821
1822|1822
1823|1823
1824|1824
1825|1825
1826|1826
1827|1827
1828|1828
1829|1829
1830|1830
1831|1831
1832|1832
1833|1833
1834|1834
1835|1835
1836|1836
1837|1837
1838|1838
1839|1839
1840|1840
1841|1841
1842|1842
1843|1843
1844|1844
1845|1845
1846|1846
1847|1847
1848|1848
1849|1849
1850|1850
1851|1851
1852|1852
1853|1853
1854|1854
1855|1855
1856|1856
1857|1857
1858|1858
1859|1859
1860|1860
1861|1861
1862|1862
1863|1863
1864|1864
1865|1865
1866|1866
1867|1867
1868|1868
1869|1869
1870|1870
1871|1871
1872|1872
1873|1873
1874|1874
1875|1875
1876|1876
1877|1877
1878|1878
1879|1879
1880|1880
1881|1881
1882|1882
1883|1883
1884|1884
1885|1885
1886|1886
1887|1887
1888|1888
1889|1889
1890|1890
1891|1891
1892|1892
1893|1893
1894|1894
1895|1895
1896|1896
1897|1897
1898|1898
1899|1899
1900|1900
1901|1901
1902|1902
1903|1903
1904|1904
1905|1905
1906|1906
1907|1907
1908|1908
1909|1909
1910|1910
1911|1911
1912|1912
1913|1913
1914|1914
1915|1915
1916|1916
1917|1917
1918|1918
1919|1919
1920|1920
1921|1921
1922|1922
1923|1923
1924|1924
1925|1925
1926|1926
1927|1927
1928|1928
1929|1929
1930|1930
1931|1931
1932|1932
1933|1933
1934|1934
1935|1935
1936|1936
1937|1937
1938|1938
1939|1939
1940|1940
1941|1941
1942|1942
1943|1943
1944|1944
1945|1945
1946|1946
1947|1947
1948|1948
1949|1949
1950|1950
1951|1951
1952|1952
1953|1953
1954|1954
1955|1955
1956|1956
1957|1957
1958|1958
1959|1959
1960|1960
1961|1961
1962|1962
1963|1963
1964|1964
1965|1965
1966|1966
1967|1967
1968|1968
1969|1969
1970|1970
1971|1971
1972|1972
1973|1973
1974|1974
1975|1975
1976|1976
1977|1977
1978|1978
1979|1979
1980|1980
1981|1981
1982|1982
1983|1983
1984|1984
1985|1985
1986|1986
1987|1987
1988|1988
1989|1989
1990|1990
1991|1991
1992|1992
1993|1993
1994|1994
1995|1995
1996|1996
1997|1997
1998|1998
1999|1999
2000|2000
2001|2001
2002|2002
2003|2003
2004|2004
2005|2005
2006|2006
2007|2007
2008|2008
2009|2009
2010|2010
2011|2011
2012|2012
2013|2013
2014|2014
2015|2015
2016|2016
2017|2017
2018|2018
2019|2019
2020|2020
2021|2021
2022|2022
2023|2023
2024|2024
2025|2025
2026|2026
2027|2027
2028|2028
2029|2029
2030|2030
2031|2031
2032|2032
2033|2033
2034|2034
2035|2035
2036|2036
2037|2037
2038|2038
2039|2039
2040|2040
2041|2041
2042|2042
2043|2043
2044|2044
2045|2045
2046|2046
2047|2047
2048|2048
2049|2049
2050|2050
2051|2051
2052|2052
2053|2053
2054|2054
2055|2055
2056|2056
2057|2057
2058|2058
2059|2059
2060|2060
2061|2061
2062|2062
2063|2063
2064|2064
2065|2065
2066|2066
2067|2067
2068|2068
2069|2069
2070|2070
2071|2071
2072|2072
2073|2073
2074|2074
2075|2075
2076|2076
2077|2077
2078|2078
2079|2079
2080|2080
2081|2081
2082|2082
2083|2083
2084|2084
2085|2085
2086|2086
2087|2087
2088|2088
2089|2089
2090|2090
2091|2091
2092|2092
2093|2093
2094|2094
2095|2095
2096|2096
2097|2097
2098|2098
2099|2099
2100|2100
2101|2101
2102|2102
2103|2103
2104|2104
2105|2105
2106|2106
2107|2107
2108|2108
2109|2109
2110|2110
2111|2111
2112|2112
2113|2113
2114|2114
2115|2115
2116|2116
2117|2117
2118|2118
2119|2119
2120|2120
2121|2121
2122|2122
2123|2123
2124|2124
2125|2125
2126|2126
2127|2127
2128|2128
2129|2129
2130|2130
2131|2131
2132|2132
2133|2133
2134|2134
2135|2135
2136|2136
2137|2137
2138|2138
2139|2139
2140|2140
2141|2141
2142|2142
2143|2143
2144|2144
2145|2145
2146|2146
2147|2147
2148|2148
2149|2149
2150|2150
2151|2151
2152|2152
2153|2153
2154|2154
2155|2155
2156|2156
2157|2157
2158|2158
2159|2159
2160|2160
2161|2161
2162|2162
2163|2163
2164|2164
2165|2165
2166|2166
2167|2167
2168|2168
2169|2169
2170|2170
2171|2171
2172|2172
2173|2173
2174|2174
2175|2175
2176|2176
2177|2177
2178|2178
2179|2179
2180|2180
2181|2181
2182|2182
2183|2183
2184|2184
2185|2185
2186|2186
2187|2187
2188|2188
2189|2189
2190|2190
2191|2191
2192|2192
2193|2193
2194|2194
2195|2195
2196|2196
2197|2197
2198|2198
2199|2199
2200|2200
2201|2201
2202|2202
2203|2203
2204|2204
2205|2205
2206|2206
2207|2207
2208|2208
2209|2209
2210|2210
2211|2211
2212|2212
2213|2213
2214|2214
2215|2215
2216|2216
2217|2217
2218|2218
2219|2219
2220|2220
2221|2221
2222|2222
2223|2223
2224|2224
2225|2225
2226|2226
2227|2227
2228|2228
2229|2229
2230|2230
2231|2231
2232|2232
2233|2233
2234|2234
2235|2235
2236|2236
2237|2237
2238|2238
2239|2239
2240|2240
2241|2241
2242|2242
2243|2243
2244|2244
2245|2245
2246|2246
2247|2247
2248|2248
2249|2249
2250|2250
2251|2251
2252|2252
2253|2253
2254|2254
2255|2255
2256|2256
2257|2257
2258|2258
2259|2259
2260|2260
2261|2261
2262|2262
2263|2263
2264|2264
2265|2265
2266|2266
2267|2267
2268|2268
2269|2269
2270|2270
2271|2271
2272|2272
2273|2273
2274|2274
2275|2275
2276|2276
2277|2277
2278|2278
2279|2279
2280|2280
2281|2281
2282|2282
2283|2283
2284|2284
2285|2285
2286|2286
2287|2287
2288|2288
2289|2289
2290|2290
2291|2291
2292|2292
2293|2293
2294|2294
2295|2295
2296|2296
2297|2297
2298|2298
2299|2299
2300|2300
2301|2301
2302|2302
2303|2303
2304|2304
2305|2305
2306|2306
2307|2307
2308|2308
2309|2309
2310|2310
2311|2311
2312|2312
2313|2313
2314|2314
2315|2315
2316|2316
2317|2317
2318|2318
2319|2319
2320|2320
2321|2321
2322|2322
2323|2323
2324|2324
2325|2325
2326|2326
2327|2327
2328|2328
2329|2329
2330|2330
2331|2331
2332|2332
2333|2333
2334|2334
2335|2335
2336|2336
2337|2337
2338|2338
2339|2339
2340|2340
2341|2341
2342|2342
2343|2343
2344|2344
2345|2345
2346|2346
2347|2347
2348|2348
2349|2349
2350|2350
2351|2351
2352|2352
2353|2353
2354|2354
2355|2355
2356|2356
2357|2357
2358|2358
2359|2359
2360|2360
2361|2361
2362|2362
2363|2363
2364|2364
2365|2365
2366|2366
2367|2367
2368|2368
2369|2369
2370|2370
2371|2371
2372|2372
2373|2373
2374|2374
2375|2375
2376|2376
2377|2377
2378|2378
2379|2379
2380|2380
2381|2381
2382|2382
2383|2383
2384|2384
2385|2385
2386|2386
2387|2387
2388|2388
2389|2389
2390|2390
2391|2391
2392|2392
2393|2393
2394|2394
2395|2395
2396|2396
2397|2397
2398|2398
2399|2399
2400|2400
2401|2401
2402|2402
2403|2403
2404|2404
2405|2405
2406|2406
2407|2407
2408|2408
2409|2409
2410|2410
2411|2411
2412|2412
2413|2413
2414|2414
2415|2415
2416|2416
2417|2417
2418|2418
2419|2419
2420|2420
2421|2421
2422|2422
2423|2423
2424|2424
2425|2425
2426|2426
2427|2427
2428|2428
2429|2429
2430|2430
2431|2431
2432|2432
2433|2433
2434|2434
2435|2435
2436|2436
2437|2437
2438|2438
2439|2439
2440|2440
2441|2441
2442|2442
2443|2443
2444|2444
2445|2445
2446|2446
2447|2447
2448|2448
2449|2449
2450|2450
2451|2451
2452|2452
2453|2453
2454|2454
2455|2455
2456|2456
2457|2457
2458|2458
2459|2459
2460|2460
2461|2461
2462|2462
2463|2463
2464|2464
2465|2465
2466|2466
2467|2467
2468|2468
2469|2469
2470|2470
2471|2471
2472|2472
2473|2473
2474|2474
2475|2475
2476|2476
2477|2477
2478|2478
2479|2479
2480|2480
2481|2481
2482|2482
2483|2483
2484|2484
2485|2485
2486|2486
2487|2487
2488|2488
2489|2489
2490|2490
2491|2491
2492|2492
2493|2493
2494|2494
2495|2495
2496|2496
2497|2497
2498|2498
2499|2499
2500|2500
2501|1
2501|2
2501|3
2501|4
2501|5
2501|6
2501|7
2501|8
2501|9
2501|10
2501|11
2501|12
2501|13
2501|14
2501|15
2501|16
2501|17
2501|18
2501|19
2501|20
2501|21
2501|22
2501|23
2501|24
2501|25
2501|26
2501|27
2501|28
2501|29
2501|30
2501|31
2501|32
2501|33
2501|34
2501|35
2501|36
2501|37
2501|38
2501|39
2501|40
2501|41
2501|42
2501|43
2501|44
2501|45
2501|46
2501|47
2501|48
2501|49
2501|50
2501|51
2501|52
2501|53
2501|54
2501|55
2501|56
2501|57
2501|58
2501|59
2501|60
2501|61
2501|62
2501|63
2501|64
2501|65
2501|66
2501|67
2501|68
2501|69
2501|70
2501|71
2501|72
2501|73
2501|74
2501|75
2501|76
2501|77
2501|78
2501|79
2501|80
2501|81
2501|82
2501|83
2501|84
2501|85
2501|86
2501|87
2501|88
2501|89
2501|90
2501|91
2501|92
2501|93
2501|94
2501|95
2501|96
2501|97
2501|98
2501|99
2501|100
2501|101
2501|102
2501|103
2501|104
2501|105
2501|106
2501|107
2501|108
2501|109
2501|110
2501|111
2501|112
2501|113
2501|114
2501|115
2501|116
2501|117
2501|118
2501|119
2501|120
2501|121
2501|122
2501|123
2501|124
2501|125
2501|126
2501|127
2501|128
2501|129
2501|130
2501|131
2501|132
2501|133
2501|134
2501|135
2501|136
2501|137
2501|138
2501|139
2501|140
2501|141
2501|142
2501|143
2501|144
2501|145
2501|146
2501|147
2501|148
2501|149
2501|150
2501|151
2501|152
2501|153
2501|154
2501|155
2501|156
2501|157
2501|158
2501|159
2501|160
2501|161
2501|162
2501|163
2501|164
2501|165
2501|166
2501|167
2501|168
2501|169
2501|170
2501|171
2501|172
2501|173
2501|174
2501|175
2501|176
2501|177
2501|178
2501|179
2501|180
2501|181
2501|182
2501|183
2501|184
2501|185
2501|186
2501|187
2501|188
2501|189
2501|190
2501|191
2501|192
2501|193
2501|194
2501|195
2501|196
2501|197
2501|198
2501|199
2501|200
2501|201
2501|202
2501|203
2501|204
2501|205
2501|206
2501|207
2501|208
2501|209
2501|210
2501|211
2501|212
2501|213
2501|214
2501|215
2501|216
2501|217
2501|218
2501|219
2501|220
2501|221
2501|222
2501|223
2501|224
2501|225
2501|226
2501|227
2501|228
2501|229
2501|230
2501|231
2501|232
2501|233
2501|234
2501|235
2501|236
2501|237
2501|238
2501|239
2501|240
2501|241
2501|242
2501|243
2501|244
2501|245
2501|246
2501|247
2501|248
2501|249
2501|250
2501|251
2501|252
2501|253
2501|254
2501|255
2501|256
2501|257
2501|258
2501|259
2501|260
2501|261
2501|262
2501|263
2501|264
2501|265
2501|266
2501|267
2501|268
2501|269
2501|270
2501|271
2501|272
2501|273
2501|274
2501|275
2501|276
2501|277
2501|278
2501|279
2501|280
2501|281
2501|282
2501|283
2501|284
2501|285
2501|286
2501|287
2501|288
2501|289
2501|290
2501|291
2501|292
2501|293
2501|294
2501|295
2501|296
2501|297
2501|298
2501|299
2501|300
2501|301
2501|302
2501|303
2501|304
2501|305
2501|306
2501|307
2501|308
2501|309
2501|310
2501|311
2501|312
2501|313
2501|314
2501|315
2501|316
2501|317
2501|318
2501|319
2501|320
2501|321
2501|322
2501|323
2501|324
2501|325
2501|326
2501|327
2501|328
2501|329
2501|330
2501|331
2501|332
2501|333
2501|334
2501|335
2501|336
2501|337
2501|338
2501|339
2501|340
2501|341
2501|342
2501|343
2501|344
2501|345
2501|346
2501|347
2501|348
2501|349
2501|350
2501|351
2501|352
2501|353
2501|354
2501|355
2501|356
2501|357
2501|358
2501|359
2501|360
2501|361
2501|362
2501|363
2501|364
2501|365
2501|366
2501|367
2501|368
2501|369
2501|370
2501|371
2501|372
2501|373
2501|374
2501|375
2501|376
2501|377
2501|378
2501|379
2501|380
2501|381
2501|382
2501|383
2501|384
2501|385
2501|386
2501|387
2501|388
2501|389
2501|390
2501|391
2501|392
2501|393
2501|394
2501|395
2501|396
2501|397
2501|398
2501|399
2501|400
2501|401
2501|402
2501|403
2501|404
2501|405
2501|406
2501|407
2501|408
2501|409
2501|410
2501|411
2501|412
2501|413
2501|414
2501|415
2501|416
2501|417
2501|418
2501|419
2501|420
2501|421
2501|422
2501|423
2501|424
2501|425
2501|426
2501|427
2501|428
2501|429
2501|430
2501|431
2501|432
2501|433
2501|434
2501|435
2501|436
2501|437
2501|438
2501|439
2501|440
2501|441
2501|442
2501|443
2501|444
2501|445
2501|446
2501|447
2501|448
2501|449
2501|450
2501|451
2501|452
2501|453
2501|454
2501|455
2501|456
2501|457
2501|458
2501|459
2501|460
2501|461
2501|462
2501|463
2501|464
2501|465
2501|466
2501|467
2501|468
2501|469
2501|470
2501|471
2501|472
2501|473
2501|474
2501|475
2501|476
2501|477
2501|478
2501|479
2501|480
2501|481
2501|482
2501|483
2501|484
2501|485
2501|486
2501|487
2501|488
2501|489
2501|490
2501|491
2501|492
2501|493
2501|494
2501|495
2501|496
2501|497
2501|498
2501|499
2501|500
2501|501
2501|502
2501|503
2501|504
2501|505
2501|506
2501|507
2501|508
2501|509
2501|510
2501|511
2501|512
2501|513
2501|514
2501|515
2501|516
2501|517
2501|518
2501|519
2501|520
2501|521
2501|522
2501|523
2501|524
2501|525
2501|526
2501|527
2501|528
2501|529
2501|530
2501|531
2501|532
2501|533
2501|534
2501|535
2501|536
2501|537
2501|538
2501|539
2501|540
2501|541
2501|542
2501|543
2501|544
2501|545
2501|546
2501|547
2501|548
2501|549
2501|550
2501|551
2501|552
2501|553
2501|554
2501|555
2501|556
2501|557
2501|558
2501|559
2501|560
2501|561
2501|562
2501|563
2501|564
2501|565
2501|566
2501|567
2501|568
2501|569
2501|570
2501|571
2501|572
2501|573
2501|574
2501|575
2501|576
2501|577
2501|578
2501|579
2501|580
2501|581
2501|582
2501|583
2501|584
2501|585
2501|586
2501|587
2501|588
2501|589
2501|590
2501|591
2501|592
2501|593
2501|594
2501|595
2501|596
2501|597
2501|598
2501|599
2501|600
2501|601
2501|602
2501|603
2501|604
2501|605
2501|606
2501|607
2501|608
2501|609
2501|610
2501|611
2501|612
2501|613
2501|614
2501|615
2501|616
2501|617
2501|618
2501|619
2501|620
2501|621
2501|622
2501|623
2501|624
2501|625
2501|626
2501|627
2501|628
2501|629
2501|630
2501|631
2501|632
2501|633
2501|634
2501|635
2501|636
2501|637
2501|638
2501|639
2501|640
2501|641
2501|642
2501|643
2501|644
2501|645
2501|646
2501|647
2501|648
2501|649
2501|650
2501|651
2501|652
2501|653
2501|654
2501|655
2501|656
2501|657
2501|658
2501|659
2501|660
2501|661
2501|662
2501|663
2501|664
2501|665
2501|666
2501|667
2501|668
2501|669
2501|670
2501|671
2501|672
2501|673
2501|674
2501|675
2501|676
2501|677
2501|678
2501|679
2501|680
2501|681
2501|682
2501|683
2501|684
2501|685
2501|686
2501|687
2501|688
2501|689
2501|690
2501|691
2501|692
2501|693
2501|694
2501|695
2501|696
2501|697
2501|698
2501|699
2501|700
2501|701
2501|702
2501|703
2501|704
2501|705
2501|706
2501|707
2501|708
2501|709
2501|710
2501|711
2501|712
2501|713
2501|714
2501|715
2501|716
2501|717
2501|718
2501|719
2501|720
2501|721
2501|722
2501|723
2501|724
2501|725
2501|726
2501|727
2501|728
2501|729
2501|730
2501|731
2501|732
2501|733
2501|734
2501|735
2501|736
2501|737
2501|738
2501|739
2501|740
2501|741
2501|742
2501|743
2501|744
2501|745
2501|746
2501|747
2501|748
2501|749
2501|750
2501|751
2501|752
2501|753
2501|754
2501|755
2501|756
2501|757
2501|758
2501|759
2501|760
2501|761
2501|762
2501|763
2501|764
2501|765
2501|766
2501|767
2501|768
2501|769
2501|770
2501|771
2501|772
2501|773
2501|774
2501|775
2501|776
2501|777
2501|778
2501|779
2501|780
2501|781
2501|782
2501|783
2501|784
2501|785
2501|786
2501|787
2501|788
2501|789
2501|790
2501|791
2501|792
2501|793
2501|794
2501|795
2501|796
2501|797
2501|798
2501|799
2501|800
2501|801
2501|802
2501|803
2501|804
2501|805
2501|806
2501|807
2501|808
2501|809
2501|810
2501|811
2501|812
2501|813
2501|814
2501|815
2501|816
2501|817
2501|818
2501|819
2501|820
2501|821
2501|822
2501|823
2501|824
2501|825
2501|826
2501|827
2501|828
2501|829
2501|830
2501|831
2501|832
2501|833
2501|834
2501|835
2501|836
2501|837
2501|838
2501|839
2501|840
2501|841
2501|842
2501|843
2501|844
2501|845
2501|846
2501|847
2501|848
2501|849
2501|850
2501|851
2501|852
2501|853
2501|854
2501|855
2501|856
2501|857
2501|858
2501|859
2501|860
2501|861
2501|862
2501|863
2501|864
2501|865
2501|866
2501|867
2501|868
2501|869
2501|870
2501|871
2501|872
2501|873
2501|874
2501|875
2501|876
2501|877
2501|878
2501|879
2501|880
2501|881
2501|882
2501|883
2501|884
2501|885
2501|886
2501|887
2501|888
2501|889
2501|890
2501|891
2501|892
2501|893
2501|894
2501|895
2501|896
2501|897
2501|898
2501|899
2501|900
2501|901
2501|902
2501|903
2501|904
2501|905
2501|906
2501|907
2501|908
2501|909
2501|910
2501|911
2501|912
2501|913
2501|914
2501|915
2501|916
2501|917
2501|918
2501|919
2501|920
2501|921
2501|922
2501|923
2501|924
2501|925
2501|926
2501|927
2501|928
2501|929
2501|930
2501|931
2501|932
2501|933
2501|934
2501|935
2501|936
2501|937
2501|938
2501|939
2501|940
2501|941
2501|942
2501|943
2501|944
2501|945
2501|946
2501|947
2501|948
2501|949
2501|950
2501|951
2501|952
2501|953
2501|954
2501|955
2501|956
2501|957
2501|958
2501|959
2501|960
2501|961
2501|962
2501|963
2501|964
2501|965
2501|966
2501|967
2501|968
2501|969
2501|970
2501|971
2501|972
2501|973
2501|974
2501|975
2501|976
2501|977
2501|978
2501|979
2501|980
2501|981
2501|982
2501|983
2501|984
2501|985
2501|986
2501|987
2501|988
2501|989
2501|990
2501|991
2501|992
2501|993
2501|994
2501|995
2501|996
2501|997
2501|998
2501|999
2501|1000
2501|1001
2501|1002
2501|1003
2501|1004
2501|1005
2501|1006
2501|1007
2501|1008
2501|1009
2501|1010
2501|1011
2501|1012
2501|1013
2501|1014
2501|1015
2501|1016
2501|1017
2501|1018
2501|1019
2501|1020
2501|1021
2501|1022
2501|1023
2501|1024
2501|1025
2501|1026
2501|1027
2501|1028
2501|1029
2501|1030
2501|1031
2501|1032
2501|1033
2501|1034
2501|1035
2501|1036
2501|1037
2501|1038
2501|1039
2501|1040
2501|1041
2501|1042
2501|1043
2501|1044
2501|1045
2501|1046
2501|1047
2501|1048
2501|1049
2501|1050
2501|1051
2501|1052
2501|1053
2501|1054
2501|1055
2501|1056
2501|1057
2501|1058
2501|1059
2501|1060
2501|1061
2501|1062
2501|1063
2501|1064
2501|1065
2501|1066
2501|1067
2501|1068
2501|1069
2501|1070
2501|1071
2501|1072
2501|1073
2501|1074
2501|1075
2501|1076
2501|1077
2501|1078
2501|1079
2501|1080
2501|1081
2501|1082
2501|1083
2501|1084
2501|1085
2501|1086
2501|1087
2501|1088
2501|1089
2501|1090
2501|1091
2501|1092
2501|1093
2501|1094
2501|1095
2501|1096
2501|1097
2501|1098
2501|1099
2501|1100
2501|1101
2501|1102
2501|1103
2501|1104
2501|1105
2501|1106
2501|1107
2501|1108
2501|1109
2501|1110
2501|1111
2501|1112
2501|1113
2501|1114
2501|1115
2501|1116
2501|1117
2501|1118
2501|1119
2501|1120
2501|1121
2501|1122
2501|1123
2501|1124
2501|1125
2501|1126
2501|1127
2501|1128
2501|1129
2501|1130
2501|1131
2501|1132
2501|1133
2501|1134
2501|1135
2501|1136
2501|1137
2501|1138
2501|1139
2501|1140
2501|1141
2501|1142
2501|1143
2501|1144
2501|1145
2501|1146
2501|1147
2501|1148
2501|1149
2501|1150
2501|1151
2501|1152
2501|1153
2501|1154
2501|1155
2501|1156
2501|1157
2501|1158
2501|1159
2501|1160
2501|1161
2501|1162
2501|1163
2501|1164
2501|1165
2501|1166
2501|1167
2501|1168
2501|1169
2501|1170
2501|1171
2501|1172
2501|1173
2501|1174
2501|1175
2501|1176
2501|1177
2501|1178
2501|1179
2501|1180
2501|1181
2501|1182
2501|1183
2501|1184
2501|1185
2501|1186
2501|1187
2501|1188
2501|1189
2501|1190
2501|1191
2501|1192
2501|1193
2501|1194
2501|1195
2501|1196
2501|1197
2501|1198
2501|1199
2501|1200
2501|1201
2501|1202
2501|1203
2501|1204
2501|1205
2501|1206
2501|1207
2501|1208
2501|1209
2501|1210
2501|1211
2501|1212
2501|1213
2501|1214
2501|1215
2501|1216
2501|1217
2501|1218
2501|1219
2501|1220
2501|1221
2501|1222
2501|1223
2501|1224
2501|1225
2501|1226
2501|1227
2501|1228
2501|1229
2501|1230
2501|1231
2501|1232
2501|1233
2501|1234
2501|1235
2501|1236
2501|1237
2501|1238
2501|1239
2501|1240
2501|1241
2501|1242
2501|1243
2501|1244
2501|1245
2501|1246
2501|1247
2501|1248
2501|1249
2501|1250
3751|3751
3752|3752
3753|3753
3754|3754
3755|3755
3756|3756
3757|3757
3758|3758
3759|3759
3760|3760
3761|3761
3762|3762
3763|3763
3764|3764
3765|3765
3766|3766
3767|3767
3768|3768
3769|3769
3770|3770
3771|3771
3772|3772
3773|3773
3774|3774
3775|3775
3776|3776
3777|3777
3778|3778
3779|3779
3780|3780
3781|3781
3782|3782
3783|3783
3784|3784
3785|3785
3786|3786
3787|3787
3788|3788
3789|3789
3790|3790
3791|3791
3792|3792
3793|3793
3794|3794
3795|3795
3796|3796
3797|3797
3798|3798
3799|3799
3800|3800
3801|3801
3802|3802
3803|3803
3804|3804
3805|3805
3806|3806
3807|3807
3808|3808
3809|3809
3810|3810
3811|3811
3812|3812
3813|3813
3814|3814
3815|3815
3816|3816
3817|3817
3818|3818
3819|3819
3820|3820
3821|3821
3822|3822
3823|3823
3824|3824
3825|3825
3826|3826
3827|3827
3828|3828
3829|3829
3830|3830
3831|3831
3832|3832
3833|3833
3834|3834
3835|3835
3836|3836
3837|3837
3838|3838
3839|3839
3840|3840
3841|3841
3842|3842
3843|3843
3844|3844
3845|3845
3846|3846
3847|3847
3848|3848
3849|3849
3850|3850
3851|3851
3852|3852
3853|3853
3854|3854
3855|3855
3856|3856
3857|3857
3858|3858
3859|3859
3860|3860
3861|3861
3862|3862
3863|3863
3864|3864
3865|3865
3866|3866
3867|3867
3868|3868
3869|3869
3870|3870
3871|3871
3872|3872
3873|3873
3874|3874
3875|3875
3876|3876
3877|3877
3878|3878
3879|3879
3880|3880
3881|3881
3882|3882
3883|3883
3884|3884
3885|3885
3886|3886
3887|3887
3888|3888
3889|3889
3890|3890
3891|3891
3892|3892
3893|3893
3894|3894
3895|3895
3896|3896
3897|3897
3898|3898
3899|3899
3900|3900
3901|3901
3902|3902
3903|3903
3904|3904
3905|3905
3906|3906
3907|3907
3908|3908
3909|3909
3910|3910
3911|3911
3912|3912
3913|3913
3914|3914
3915|3915
3916|3916
3917|3917
3918|3918
3919|3919
3920|3920
3921|3921
3922|3922
3923|3923
3924|3924
3925|3925
3926|3926
3927|3927
3928|3928
3929|3929
3930|3930
3931|3931
3932|3932
3933|3933
3934|3934
3935|3935
3936|3936
3937|3937
3938|3938
3939|3939
3940|3940
3941|3941
3942|3942
3943|3943
3944|3944
3945|3945
3946|3946
3947|3947
3948|3948
3949|3949
3950|3950
3951|3951
3952|3952
3953|3953
3954|3954
3955|3955
3956|3956
3957|3957
3958|3958
3959|3959
3960|3960
3961|3961
3962|3962
3963|3963
3964|3964
3965|3965
3966|3966
3967|3967
3968|3968
3969|3969
3970|3970
3971|3971
3972|3972
3973|3973
3974|3974
3975|3975
3976|3976
3977|3977
3978|3978
3979|3979
3980|3980
3981|3981
3982|3982
3983|3983
3984|3984
3985|3985
3986|3986
3987|3987
3988|3988
3989|3989
3990|3990
3991|3991
3992|3992
3993|3993
3994|3994
3995|3995
3996|3996
3997|3997
3998|3998
3999|3999
4000|4000
4001|4001
4002|4002
4003|4003
4004|4004
4005|4005
4006|4006
4007|4007
4008|4008
4009|4009
4010|4010
4011|4011
4012|4012
4013|4013
4014|4014
4015|4015
4016|4016
4017|4017
4018|4018
4019|4019
4020|4020
4021|4021
4022|4022
4023|4023
4024|4024
4025|4025
4026|4026
4027|4027
4028|4028
4029|4029
4030|4030
4031|4031
4032|4032
4033|4033
4034|4034
4035|4035
4036|4036
4037|4037
4038|4038
4039|4039
4040|4040
4041|4041
4042|4042
4043|4043
4044|4044
4045|4045
4046|4046
4047|4047
4048|4048
4049|4049
4050|4050
4051|4051
4052|4052
4053|4053
4054|4054
4055|4055
4056|4056
4057|4057
4058|4058
4059|4059
4060|4060
4061|4061
4062|4062
4063|4063
4064|4064
4065|4065
4066|4066
4067|4067
4068|4068
4069|4069
4070|4070
4071|4071
4072|4072
4073|4073
4074|4074
4075|4075
4076|4076
4077|4077
4078|4078
4079|4079
4080|4080
4081|4081
4082|4082
4083|4083
4084|4084
4085|4085
4086|4086
4087|4087
4088|4088
4089|4089
4090|4090
4091|4091
4092|4092
4093|4093
4094|4094
4095|4095
4096|4096
4097|4097
4098|4098
4099|4099
4100|4100
4101|4101
4102|4102
4103|4103
4104|4104
4105|4105
4106|4106
4107|4107
4108|4108
4109|4109
4110|4110
4111|4111
4112|4112
4113|4113
4114|4114
4115|4115
4116|4116
4117|4117
4118|4118
4119|4119
4120|4120
4121|4121
4122|4122
4123|4123
4124|4124
4125|4125
4126|4126
4127|4127
4128|4128
4129|4129
4130|4130
4131|4131
4132|4132
4133|4133
4134|4134
4135|4135
4136|4136
4137|4137
4138|4138
4139|4139
4140|4140
4141|4141
4142|4142
4143|4143
4144|4144
4145|4145
4146|4146
4147|4147
4148|4148
4149|4149
4150|4150
4151|4151
4152|4152
4153|4153
4154|4154
4155|4155
4156|4156
4157|4157
4158|4158
4159|4159
4160|4160
4161|4161
4162|4162
4163|4163
4164|4164
4165|4165
4166|4166
4167|4167
4168|4168
4169|4169
4170|4170
4171|4171
4172|4172
4173|4173
4174|4174
4175|4175
4176|4176
4177|4177
4178|4178
4179|4179
4180|4180
4181|4181
4182|4182
4183|4183
4184|4184
4185|4185
4186|4186
4187|4187
4188|4188
4189|4189
4190|4190
4191|4191
4192|4192
4193|4193
4194|4194
4195|4195
4196|4196
4197|4197
4198|4198
4199|4199
4200|4200
4201|4201
4202|4202
4203|4203
4204|4204
4205|4205
4206|4206
4207|4207
4208|4208
4209|4209
4210|4210
4211|4211
4212|4212
4213|4213
4214|4214
4215|4215
4216|4216
4217|4217
4218|4218
4219|4219
4220|4220
4221|4221
4222|4222
4223|4223
4224|4224
4225|4225
4226|4226
4227|4227
4228|4228
4229|4229
4230|4230
4231|4231
4232|4232
4233|4233
4234|4234
4235|4235
4236|4236
4237|4237
4238|4238
4239|4239
4240|4240
4241|4241
4242|4242
4243|4243
4244|4244
4245|4245
4246|4246
4247|4247
4248|4248
4249|4249
4250|4250
4251|4251
4252|4252
4253|4253
4254|4254
4255|4255
4256|4256
4257|4257
4258|4258
4259|4259
4260|4260
4261|4261
4262|4262
4263|4263
4264|4264
4265|4265
4266|4266
4267|4267
4268|4268
4269|4269
4270|4270
4271|4271
4272|4272
4273|4273
4274|4274
4275|4275
4276|4276
4277|4277
4278|4278
4279|4279
4280|4280
4281|4281
4282|4282
4283|4283
4284|4284
4285|4285
4286|4286
4287|4287
4288|4288
4289|4289
4290|4290
4291|4291
4292|4292
4293|4293
4294|4294
4295|4295
4296|4296
4297|4297
4298|4298
4299|4299
4300|4300
4301|4301
4302|4302
4303|4303
4304|4304
4305|4305
4306|4306
4307|4307
4308|4308
4309|4309
4310|4310
4311|4311
4312|4312
4313|4313
4314|4314
4315|4315
4316|4316
4317|4317
4318|4318
4319|4319
4320|4320
4321|4321
4322|4322
4323|4323
4324|4324
4325|4325
4326|4326
4327|4327
4328|4328
4329|4329
4330|4330
4331|4331
4332|4332
4333|4333
4334|4334
4335|4335
4336|4336
4337|4337
4338|4338
4339|4339
4340|4340
4341|4341
4342|4342
4343|4343
4344|4344
4345|4345
4346|4346
4347|4347
4348|4348
4349|4349
4350|4350
4351|4351
4352|4352
4353|4353
4354|4354
4355|4355
4356|4356
4357|4357
4358|4358
4359|4359
4360|4360
4361|4361
4362|4362
4363|4363
4364|4364
4365|4365
4366|4366
4367|4367
4368|4368
4369|4369
4370|4370
4371|4371
4372|4372
4373|4373
4374|4374
4375|4375
4376|4376
4377|4377
4378|4378
4379|4379
4380|4380
4381|4381
4382|4382
4383|4383
4384|4384
4385|4385
4386|4386
4387|4387
4388|4388
4389|4389
4390|4390
4391|4391
4392|4392
4393|4393
4394|4394
4395|4395
4396|4396
4397|4397
4398|4398
4399|4399
4400|4400
4401|4401
4402|4402
4403|4403
4404|4404
4405|4405
4406|4406
4407|4407
4408|4408
4409|4409
4410|4410
4411|4411
4412|4412
4413|4413
4414|4414
4415|4415
4416|4416
4417|4417
4418|4418
4419|4419
4420|4420
4421|4421
4422|4422
4423|4423
4424|4424
4425|4425
4426|4426
4427|4427
4428|4428
4429|4429
4430|4430
4431|4431
4432|4432
4433|4433
4434|4434
4435|4435
4436|4436
4437|4437
4438|4438
4439|4439
4440|4440
4441|4441
4442|4442
4443|4443
4444|4444
4445|4445
4446|4446
4447|4447
4448|4448
4449|4449
4450|4450
4451|4451
4452|4452
4453|4453
4454|4454
4455|4455
4456|4456
4457|4457
4458|4458
4459|4459
4460|4460
4461|4461
4462|4462
4463|4463
4464|4464
4465|4465
4466|4466
4467|4467
4468|4468
4469|4469
4470|4470
4471|4471
4472|4472
4473|4473
4474|4474
4475|4475
4476|4476
4477|4477
4478|4478
4479|4479
4480|4480
4481|4481
4482|4482
4483|4483
4484|4484
4485|4485
4486|4486
4487|4487
4488|4488
4489|4489
4490|4490
4491|4491
4492|4492
4493|4493
4494|4494
4495|4495
4496|4496
4497|4497
4498|4498
4499|4499
4500|4500
4501|4501
4502|4502
4503|4503
4504|4504
4505|4505
4506|4506
4507|4507
4508|4508
4509|4509
4510|4510
4511|4511
4512|4512
4513|4513
4514|4514
4515|4515
4516|4516
4517|4517
4518|4518
4519|4519
4520|4520
4521|4521
4522|4522
4523|4523
4524|4524
4525|4525
4526|4526
4527|4527
4528|4528
4529|4529
4530|4530
4531|4531
4532|4532
4533|4533
4534|4534
4535|4535
4536|4536
4537|4537
4538|4538
4539|4539
4540|4540
4541|4541
4542|4542
4543|4543
4544|4544
4545|4545
4546|4546
4547|4547
4548|4548
4549|4549
4550|4550
4551|4551
4552|4552
4553|4553
4554|4554
4555|4555
4556|4556
4557|4557
4558|4558
4559|4559
4560|4560
4561|4561
4562|4562
4563|4563
4564|4564
4565|4565
4566|4566
4567|4567
4568|4568
4569|4569
4570|4570
4571|4571
4572|4572
4573|4573
4574|4574
4575|4575
4576|4576
4577|4577
4578|4578
4579|4579
4580|4580
4581|4581
4582|4582
4583|4583
4584|4584
4585|4585
4586|4586
4587|4587
4588|4588
4589|4589
4590|4590
4591|4591
4592|4592
4593|4593
4594|4594
4595|4595
4596|4596
4597|4597
4598|4598
4599|4599
4600|4600
4601|4601
4602|4602
4603|4603
4604|4604
4605|4605
4606|4606
4607|4607
4608|4608
4609|4609
4610|4610
4611|4611
4612|4612
4613|4613
4614|4614
4615|4615
4616|4616
4617|4617
4618|4618
4619|4619
4620|4620
4621|4621
4622|4622
4623|4623
4624|4624
4625|4625
4626|4626
4627|4627
4628|4628
4629|4629
4630|4630
4631|4631
4632|4632
4633|4633
4634|4634
4635|4635
4636|4636
4637|4637
4638|4638
4639|4639
4640|4640
4641|4641
4642|4642
4643|4643
4644|4644
4645|4645
4646|4646
4647|4647
4648|4648
4649|4649
4650|4650
4651|4651
4652|4652
4653|4653
4654|4654
4655|4655
4656|4656
4657|4657
4658|4658
4659|4659
4660|4660
4661|4661
4662|4662
4663|4663
4664|4664
4665|4665
4666|4666
4667|4667
4668|4668
4669|4669
4670|4670
4671|4671
4672|4672
4673|4673
4674|4674
4675|4675
4676|4676
4677|4677
4678|4678
4679|4679
4680|4680
4681|4681
4682|4682
4683|4683
4684|4684
4685|4685
4686|4686
4687|4687
4688|4688
4689|4689
4690|4690
4691|4691
4692|4692
4693|4693
4694|4694
4695|4695
4696|4696
4697|4697
4698|4698
4699|4699
4700|4700
4701|4701
4702|4702
4703|4703
4704|4704
4705|4705
4706|4706
4707|4707
4708|4708
4709|4709
4710|4710
4711|4711
4712|4712
4713|4713
4714|4714
4715|4715
4716|4716
4717|4717
4718|4718
4719|4719
4720|4720
4721|4721
4722|4722
4723|4723
4724|4724
4725|4725
4726|4726
4727|4727
4728|4728
4729|4729
4730|4730
4731|4731
4732|4732
4733|4733
4734|4734
4735|4735
4736|4736
4737|4737
4738|4738
4739|4739
4740|4740
4741|4741
4742|4742
4743|4743
4744|4744
4745|4745
4746|4746
4747|4747
4748|4748
4749|4749
4750|4750
4751|4751
4752|4752
4753|4753
4754|4754
4755|4755
4756|4756
4757|4757
4758|4758
4759|4759
4760|4760
4761|4761
4762|4762
4763|4763
4764|4764
4765|4765
4766|4766
4767|4767
4768|4768
4769|4769
4770|4770
4771|4771
4772|4772
4773|4773
4774|4774
4775|4775
4776|4776
4777|4777
4778|4778
4779|4779
4780|4780
4781|4781
4782|4782
4783|4783
4784|4784
4785|4785
4786|4786
4787|4787
4788|4788
4789|4789
4790|4790
4791|4791
4792|4792
4793|4793
4794|4794
4795|4795
4796|4796
4797|4797
4798|4798
4799|4799
4800|4800
4801|4801
4802|4802
4803|4803
4804|4804
4805|4805
4806|4806
4807|4807
4808|4808
4809|4809
4810|4810
4811|4811
4812|4812
4813|4813
4814|4814
4815|4815
4816|4816
4817|4817
4818|4818
4819|4819
4820|4820
4821|4821
4822|4822
4823|4823
4824|4824
4825|4825
4826|4826
4827|4827
4828|4828
4829|4829
4830|4830
4831|4831
4832|4832
4833|4833
4834|4834
4835|4835
4836|4836
4837|4837
4838|4838
4839|4839
4840|4840
4841|4841
4842|4842
4843|4843
4844|4844
4845|4845
4846|4846
4847|4847
4848|4848
4849|4849
4850|4850
4851|4851
4852|4852
4853|4853
4854|4854
4855|4855
4856|4856
4857|4857
4858|4858
4859|4859
4860|4860
4861|4861
4862|4862
4863|4863
4864|4864
4865|4865
4866|4866
4867|4867
4868|4868
4869|4869
4870|4870
4871|4871
4872|4872
4873|4873
4874|4874
4875|4875
4876|4876
4877|4877
4878|4878
4879|4879
4880|4880
4881|4881
4882|4882
4883|4883
4884|4884
4885|4885
4886|4886
4887|4887
4888|4888
4889|4889
4890|4890
4891|4891
4892|4892
4893|4893
4894|4894
4895|4895
4896|4896
4897|4897
4898|4898
4899|4899
4900|4900
4901|4901
4902|4902
4903|4903
4904|4904
4905|4905
4906|4906
4907|4907
4908|4908
4909|4909
4910|4910
4911|4911
4912|4912
4913|4913
4914|4914
4915|4915
4916|4916
4917|4917
4918|4918
4919|4919
4920|4920
4921|4921
4922|4922
4923|4923
4924|4924
4925|4925
4926|4926
4927|4927
4928|4928
4929|4929
4930|4930
4931|4931
4932|4932
4933|4933
4934|4934
4935|4935
4936|4936
4937|4937
4938|4938
4939|4939
4940|4940
4941|4941
4942|4942
4943|4943
4944|4944
4945|4945
4946|4946
4947|4947
4948|4948
4949|4949
4950|4950
4951|4951
4952|4952
4953|4953
4954|4954
4955|4955
4956|4956
4957|4957
4958|4958
4959|4959
4960|4960
4961|4961
4962|4962
4963|4963
4964|4964
4965|4965
4966|4966
4967|4967
4968|4968
4969|4969
4970|4970
4971|4971
4972|4972
4973|4973
4974|4974
4975|4975
4976|4976
4977|4977
4978|4978
4979|4979
4980|4980
4981|4981
4982|4982
4983|4983
4984|4984
4985|4985
4986|4986
4987|4987
4988|4988
4989|4989
4990|4990
4991|4991
4992|4992
4993|4993
4994|4994
4995|4995
4996|4996
4997|4997
4998|4998
4999|4999
5000|5000
5001|1
5001|2
5001|3
5001|4
5001|5
5001|6
5001|7
5001|8
5001|9
5001|10
5001|11
5001|12
5001|13
5001|14
5001|15
5001|16
5001|17
5001|18
5001|19
5001|20
5001|21
5001|22
5001|23
5001|24
5001|25
5001|26
5001|27
5001|28
5001|29
5001|30
5001|31
5001|32
5001|33
5001|34
5001|35
5001|36
5001|37
5001|38
5001|39
5001|40
5001|41
5001|42
5001|43
5001|44
5001|45
5001|46
5001|47
5001|48
5001|49
5001|50
5001|51
5001|52
5001|53
5001|54
5001|55
5001|56
5001|57
5001|58
5001|59
5001|60
5001|61
5001|62
5001|63
5001|64
5001|65
5001|66
5001|67
5001|68
5001|69
5001|70
5001|71
5001|72
5001|73
5001|74
5001|75
5001|76
5001|77
5001|78
5001|79
5001|80
5001|81
5001|82
5001|83
5001|84
5001|85
5001|86
5001|87
5001|88
5001|89
5001|90
5001|91
5001|92
5001|93
5001|94
5001|95
5001|96
5001|97
5001|98
5001|99
5001|100
5001|101
5001|102
5001|103
5001|104
5001|105
5001|106
5001|107
5001|108
5001|109
5001|110
5001|111
5001|112
5001|113
5001|114
5001|115
5001|116
5001|117
5001|118
5001|119
5001|120
5001|121
5001|122
5001|123
5001|124
5001|125
5001|126
5001|127
5001|128
5001|129
5001|130
5001|131
5001|132
5001|133
5001|134
5001|135
5001|136
5001|137
5001|138
5001|139
5001|140
5001|141
5001|142
5001|143
5001|144
5001|145
5001|146
5001|147
5001|148
5001|149
5001|150
5001|151
5001|152
5001|153
5001|154
5001|155
5001|156
5001|157
5001|158
5001|159
5001|160
5001|161
5001|162
5001|163
5001|164
5001|165
5001|166
5001|167
5001|168
5001|169
5001|170
5001|171
5001|172
5001|173
5001|174
5001|175
5001|176
5001|177
5001|178
5001|179
5001|180
5001|181
5001|182
5001|183
5001|184
5001|185
5001|186
5001|187
5001|188
5001|189
5001|190
5001|191
5001|192
5001|193
5001|194
5001|195
5001|196
5001|197
5001|198
5001|199
5001|200
5001|201
5001|202
5001|203
5001|204
5001|205
5001|206
5001|207
5001|208
5001|209
5001|210
5001|211
5001|212
5001|213
5001|214
5001|215
5001|216
5001|217
5001|218
5001|219
5001|220
5001|221
5001|222
5001|223
5001|224
5001|225
5001|226
5001|227
5001|228
5001|229
5001|230
5001|231
5001|232
5001|233
5001|234
5001|235
5001|236
5001|237
5001|238
5001|239
5001|240
5001|241
5001|242
5001|243
5001|244
5001|245
5001|246
5001|247
5001|248
5001|249
5001|250
5001|251
5001|252
5001|253
5001|254
5001|255
5001|256
5001|257
5001|258
5001|259
5001|260
5001|261
5001|262
5001|263
5001|264
5001|265
5001|266
5001|267
5001|268
5001|269
5001|270
5001|271
5001|272
5001|273
5001|274
5001|275
5001|276
5001|277
5001|278
5001|279
5001|280
5001|281
5001|282
5001|283
5001|284
5001|285
5001|286
5001|287
5001|288
5001|289
5001|290
5001|291
5001|292
5001|293
5001|294
5001|295
5001|296
5001|297
5001|298
5001|299
5001|300
5001|301
5001|302
5001|303
5001|304
5001|305
5001|306
5001|307
5001|308
5001|309
5001|310
5001|311
5001|312
5001|313
5001|314
5001|315
5001|316
5001|317
5001|318
5001|319
5001|320
5001|321
5001|322
5001|323
5001|324
5001|325
5001|326
5001|327
5001|328
5001|329
5001|330
5001|331
5001|332
5001|333
5001|334
5001|335
5001|336
5001|337
5001|338
5001|339
5001|340
5001|341
5001|342
5001|343
5001|344
5001|345
5001|346
5001|347
5001|348
5001|349
5001|350
5001|351
5001|352
5001|353
5001|354
5001|355
5001|356
5001|357
5001|358
5001|359
5001|360
5001|361
5001|362
5001|363
5001|364
5001|365
5001|366
5001|367
5001|368
5001|369
5001|370
5001|371
5001|372
5001|373
5001|374
5001|375
5001|376
5001|377
5001|378
5001|379
5001|380
5001|381
5001|382
5001|383
5001|384
5001|385
5001|386
5001|387
5001|388
5001|389
5001|390
5001|391
5001|392
5001|393
5001|394
5001|395
5001|396
5001|397
5001|398
5001|399
5001|400
5001|401
5001|402
5001|403
5001|404
5001|405
5001|406
5001|407
5001|408
5001|409
5001|410
5001|411
5001|412
5001|413
5001|414
5001|415
5001|416
5001|417
5001|418
5001|419
5001|420
5001|421
5001|422
5001|423
5001|424
5001|425
5001|426
5001|427
5001|428
5001|429
5001|430
5001|431
5001|432
5001|433
5001|434
5001|435
5001|436
5001|437
5001|438
5001|439
5001|440
5001|441
5001|442
5001|443
5001|444
5001|445
5001|446
5001|447
5001|448
5001|449
5001|450
5001|451
5001|452
5001|453
5001|454
5001|455
5001|456
5001|457
5001|458
5001|459
5001|460
5001|461
5001|462
5001|463
5001|464
5001|465
5001|466
5001|467
5001|468
5001|469
5001|470
5001|471
5001|472
5001|473
5001|474
5001|475
5001|476
5001|477
5001|478
5001|479
5001|480
5001|481
5001|482
5001|483
5001|484
5001|485
5001|486
5001|487
5001|488
5001|489
5001|490
5001|491
5001|492
5001|493
5001|494
5001|495
5001|496
5001|497
5001|498
5001|499
5001|500
5001|501
5001|502
5001|503
5001|504
5001|505
5001|506
5001|507
5001|508
5001|509
5001|510
5001|511
5001|512
5001|513
5001|514
5001|515
5001|516
5001|517
5001|518
5001|519
5001|520
5001|521
5001|522
5001|523
5001|524
5001|525
5001|526
5001|527
5001|528
5001|529
5001|530
5001|531
5001|532
5001|533
5001|534
5001|535
5001|536
5001|537
5001|538
5001|539
5001|540
5001|541
5001|542
5001|543
5001|544
5001|545
5001|546
5001|547
5001|548
5001|549
5001|550
5001|551
5001|552
5001|553
5001|554
5001|555
5001|556
5001|557
5001|558
5001|559
5001|560
5001|561
5001|562
5001|563
5001|564
5001|565
5001|566
5001|567
5001|568
5001|569
5001|570
5001|571
5001|572
5001|573
5001|574
5001|575
5001|576
5001|577
5001|578
5001|579
5001|580
5001|581
5001|582
5001|583
5001|584
5001|585
5001|586
5001|587
5001|588
5001|589
5001|590
5001|591
5001|592
5001|593
5001|594
5001|595
5001|596
5001|597
5001|598
5001|599
5001|600
5001|601
5001|602
5001|603
5001|604
5001|605
5001|606
5001|607
5001|608
5001|609
5001|610
5001|611
5001|612
5001|613
5001|614
5001|615
5001|616
5001|617
5001|618
5001|619
5001|620
5001|621
5001|622
5001|623
5001|624
5001|625
5001|626
5001|627
5001|628
5001|629
5001|630
5001|631
5001|632
5001|633
5001|634
5001|635
5001|636
5001|637
5001|638
5001|639
5001|640
5001|641
5001|642
5001|643
5001|644
5001|645
5001|646
5001|647
5001|648
5001|649
5001|650
5001|651
5001|652
5001|653
5001|654
5001|655
5001|656
5001|657
5001|658
5001|659
5001|660
5001|661
5001|662
5001|663
5001|664
5001|665
5001|666
5001|667
5001|668
5001|669
5001|670
5001|671
5001|672
5001|673
5001|674
5001|675
5001|676
5001|677
5001|678
5001|679
5001|680
5001|681
5001|682
5001|683
5001|684
5001|685
5001|686
5001|687
5001|688
5001|689
5001|690
5001|691
5001|692
5001|693
5001|694
5001|695
5001|696
5001|697
5001|698
5001|699
5001|700
5001|701
5001|702
5001|703
5001|704
5001|705
5001|706
5001|707
5001|708
5001|709
5001|710
5001|711
5001|712
5001|713
5001|714
5001|715
5001|716
5001|717
5001|718
5001|719
5001|720
5001|721
5001|722
5001|723
5001|724
5001|725
5001|726
5001|727
5001|728
5001|729
5001|730
5001|731
5001|732
5001|733
5001|734
5001|735
5001|736
5001|737
5001|738
5001|739
5001|740
5001|741
5001|742
5001|743
5001|744
5001|745
5001|746
5001|747
5001|748
5001|749
5001|750
5001|751
5001|752
5001|753
5001|754
5001|755
5001|756
5001|757
5001|758
5001|759
5001|760
5001|761
5001|762
5001|763
5001|764
5001|765
5001|766
5001|767
5001|768
5001|769
5001|770
5001|771
5001|772
5001|773
5001|774
5001|775
5001|776
5001|777
5001|778
5001|779
5001|780
5001|781
5001|782
5001|783
5001|784
5001|785
5001|786
5001|787
5001|788
5001|789
5001|790
5001|791
5001|792
5001|793
5001|794
5001|795
5001|796
5001|797
5001|798
5001|799
5001|800
5001|801
5001|802
5001|803
5001|804
5001|805
5001|806
5001|807
5001|808
5001|809
5001|810
5001|811
5001|812
5001|813
5001|814
5001|815
5001|816
5001|817
5001|818
5001|819
5001|820
5001|821
5001|822
5001|823
5001|824
5001|825
5001|826
5001|827
5001|828
5001|829
5001|830
5001|831
5001|832
5001|833
5001|834
5001|835
5001|836
5001|837
5001|838
5001|839
5001|840
5001|841
5001|842
5001|843
5001|844
5001|845
5001|846
5001|847
5001|848
5001|849
5001|850
5001|851
5001|852
5001|853
5001|854
5001|855
5001|856
5001|857
5001|858
5001|859
5001|860
5001|861
5001|862
5001|863
5001|864
5001|865
5001|866
5001|867
5001|868
5001|869
5001|870
5001|871
5001|872
5001|873
5001|874
5001|875
5001|876
5001|877
5001|878
5001|879
5001|880
5001|881
5001|882
5001|883
5001|884
5001|885
5001|886
5001|887
5001|888
5001|889
5001|890
5001|891
5001|892
5001|893
5001|894
5001|895
5001|896
5001|897
5001|898
5001|899
5001|900
5001|901
5001|902
5001|903
5001|904
5001|905
5001|906
5001|907
5001|908
5001|909
5001|910
5001|911
5001|912
5001|913
5001|914
5001|915
5001|916
5001|917
5001|918
5001|919
5001|920
5001|921
5001|922
5001|923
5001|924
5001|925
5001|926
5001|927
5001|928
5001|929
5001|930
5001|931
5001|932
5001|933
5001|934
5001|935
5001|936
5001|937
5001|938
5001|939
5001|940
5001|941
5001|942
5001|943
5001|944
5001|945
5001|946
5001|947
5001|948
5001|949
5001|950
5001|951
5001|952
5001|953
5001|954
5001|955
5001|956
5001|957
5001|958
5001|959
5001|960
5001|961
5001|962
5001|963
5001|964
5001|965
5001|966
5001|967
5001|968
5001|969
5001|970
5001|971
5001|972
5001|973
5001|974
5001|975
5001|976
5001|977
5001|978
5001|979
5001|980
5001|981
5001|982
5001|983
5001|984
5001|985
5001|986
5001|987
5001|988
5001|989
5001|990
5001|991
5001|992
5001|993
5001|994
5001|995
5001|996
5001|997
5001|998
5001|999
5001|1000
5001|1001
5001|1002
5001|1003
5001|1004
5001|1005
5001|1006
5001|1007
5001|1008
5001|1009
5001|1010
5001|1011
5001|1012
5001|1013
5001|1014
5001|1015
5001|1016
5001|1017
5001|1018
5001|1019
5001|1020
5001|1021
5001|1022
5001|1023
5001|1024
5001|1025
5001|1026
5001|1027
5001|1028
5001|1029
5001|1030
5001|1031
5001|1032
5001|1033
5001|1034
5001|1035
5001|1036
5001|1037
5001|1038
5001|1039
5001|1040
5001|1041
5001|1042
5001|1043
5001|1044
5001|1045
5001|1046
5001|1047
5001|1048
5001|1049
5001|1050
5001|1051
5001|1052
5001|1053
5001|1054
5001|1055
5001|1056
5001|1057
5001|1058
5001|1059
5001|1060
5001|1061
5001|1062
5001|1063
5001|1064
5001|1065
5001|1066
5001|1067
5001|1068
5001|1069
5001|1070
5001|1071
5001|1072
5001|1073
5001|1074
5001|1075
5001|1076
5001|1077
5001|1078
5001|1079
5001|1080
5001|1081
5001|1082
5001|1083
5001|1084
5001|1085
5001|1086
5001|1087
5001|1088
5001|1089
5001|1090
5001|1091
5001|1092
5001|1093
5001|1094
5001|1095
5001|1096
5001|1097
5001|1098
5001|1099
5001|1100
5001|1101
5001|1102
5001|1103
5001|1104
5001|1105
5001|1106
5001|1107
5001|1108
5001|1109
5001|1110
5001|1111
5001|1112
5001|1113
5001|1114
5001|1115
5001|1116
5001|1117
5001|1118
5001|1119
5001|1120
5001|1121
5001|1122
5001|1123
5001|1124
5001|1125
5001|1126
5001|1127
5001|1128
5001|1129
5001|1130
5001|1131
5001|1132
5001|1133
5001|1134
5001|1135
5001|1136
5001|1137
5001|1138
5001|1139
5001|1140
5001|1141
5001|1142
5001|1143
5001|1144
5001|1145
5001|1146
5001|1147
5001|1148
5001|1149
5001|1150
5001|1151
5001|1152
5001|1153
5001|1154
5001|1155
5001|1156
5001|1157
5001|1158
5001|1159
5001|1160
5001|1161
5001|1162
5001|1163
5001|1164
5001|1165
5001|1166
5001|1167
5001|1168
5001|1169
5001|1170
5001|1171
5001|1172
5001|1173
5001|1174
5001|1175
5001|1176
5001|1177
5001|1178
5001|1179
5001|1180
5001|1181
5001|1182
5001|1183
5001|1184
5001|1185
5001|1186
5001|1187
5001|1188
5001|1189
5001|1190
5001|1191
5001|1192
5001|1193
5001|1194
5001|1195
5001|1196
5001|1197
5001|1198
5001|1199
5001|1200
5001|1201
5001|1202
5001|1203
5001|1204
5001|1205
5001|1206
5001|1207
5001|1208
5001|1209
5001|1210
5001|1211
5001|1212
5001|1213
5001|1214
5001|1215
5001|1216
5001|1217
5001|1218
5001|1219
5001|1220
5001|1221
5001|1222
5001|1223
5001|1224
5001|1225
5001|1226
5001|1227
5001|1228
5001|1229
5001|1230
5001|1231
5001|1232
5001|1233
5001|1234
5001|1235
5001|1236
5001|1237
5001|1238
5001|1239
5001|1240
5001|1241
5001|1242
5001|1243
5001|1244
5001|1245
5001|1246
5001|1247
5001|1248
5001|1249
5001|1250
6251|6251
6252|6252
6253|6253
6254|6254
6255|6255
6256|6256
6257|6257
6258|6258
6259|6259
6260|6260
6261|6261
6262|6262
6263|6263
6264|6264
6265|6265
6266|6266
6267|6267
6268|6268
6269|6269
6270|6270
6271|6271
6272|6272
6273|6273
6274|6274
6275|6275
6276|6276
6277|6277
6278|6278
6279|6279
6280|6280
6281|6281
6282|6282
6283|6283
6284|6284
6285|6285
6286|6286
6287|6287
6288|6288
6289|6289
6290|6290
6291|6291
6292|6292
6293|6293
6294|6294
6295|6295
6296|6296
6297|6297
6298|6298
6299|6299
6300|6300
6301|6301
6302|6302
6303|6303
6304|6304
6305|6305
6306|6306
6307|6307
6308|6308
6309|6309
6310|6310
6311|6311
6312|6312
6313|6313
6314|6314
6315|6315
6316|6316
6317|6317
6318|6318
6319|6319
6320|6320
6321|6321
6322|6322
6323|6323
6324|6324
6325|6325
6326|6326
6327|6327
6328|6328
6329|6329
6330|6330
6331|6331
6332|6332
6333|6333
6334|6334
6335|6335
6336|6336
6337|6337
6338|6338
6339|6339
6340|6340
6341|6341
6342|6342
6343|6343
6344|6344
6345|6345
6346|6346
6347|6347
6348|6348
6349|6349
6350|6350
6351|6351
6352|6352
6353|6353
6354|6354
6355|6355
6356|6356
6357|6357
6358|6358
6359|6359
6360|6360
6361|6361
6362|6362
6363|6363
6364|6364
6365|6365
6366|6366
6367|6367
6368|6368
6369|6369
6370|6370
6371|6371
6372|6372
6373|6373
6374|6374
6375|6375
6376|6376
6377|6377
6378|6378
6379|6379
6380|6380
6381|6381
6382|6382
6383|6383
6384|6384
6385|6385
6386|6386
6387|6387
6388|6388
6389|6389
6390|6390
6391|6391
6392|6392
6393|6393
6394|6394
6395|6395
6396|6396
6397|6397
6398|6398
6399|6399
6400|6400
6401|6401
6402|6402
6403|6403
6404|6404
6405|6405
6406|6406
6407|6407
6408|6408
6409|6409
6410|6410
6411|6411
6412|6412
6413|6413
6414|6414
6415|6415
6416|6416
6417|6417
6418|6418
6419|6419
6420|6420
6421|6421
6422|6422
6423|6423
6424|6424
6425|6425
6426|6426
6427|6427
6428|6428
6429|6429
6430|6430
6431|6431
6432|6432
6433|6433
6434|6434
6435|6435
6436|6436
6437|6437
6438|6438
6439|6439
6440|6440
6441|6441
6442|6442
6443|6443
6444|6444
6445|6445
6446|6446
6447|6447
6448|6448
6449|6449
6450|6450
6451|6451
6452|6452
6453|6453
6454|6454
6455|6455
6456|6456
6457|6457
6458|6458
6459|6459
6460|6460
6461|6461
6462|6462
6463|6463
6464|6464
6465|6465
6466|6466
6467|6467
6468|6468
6469|6469
6470|6470
6471|6471
6472|6472
6473|6473
6474|6474
6475|6475
6476|6476
6477|6477
6478|6478
6479|6479
6480|6480
6481|6481
6482|6482
6483|6483
6484|6484
6485|6485
6486|6486
6487|6487
6488|6488
6489|6489
6490|6490
6491|6491
6492|6492
6493|6493
6494|6494
6495|6495
6496|6496
6497|6497
6498|6498
6499|6499
6500|6500
6501|6501
6502|6502
6503|6503
6504|6504
6505|6505
6506|6506
6507|6507
6508|6508
6509|6509
6510|6510
6511|6511
6512|6512
6513|6513
6514|6514
6515|6515
6516|6516
6517|6517
6518|6518
6519|6519
6520|6520
6521|6521
6522|6522
6523|6523
6524|6524
6525|6525
6526|6526
6527|6527
6528|6528
6529|6529
6530|6530
6531|6531
6532|6532
6533|6533
6534|6534
6535|6535
6536|6536
6537|6537
6538|6538
6539|6539
6540|6540
6541|6541
6542|6542
6543|6543
6544|6544
6545|6545
6546|6546
6547|6547
6548|6548
6549|6549
6550|6550
6551|6551
6552|6552
6553|6553
6554|6554
6555|6555
6556|6556
6557|6557
6558|6558
6559|6559
6560|6560
6561|6561
6562|6562
6563|6563
6564|6564
6565|6565
6566|6566
6567|6567
6568|6568
6569|6569
6570|6570
6571|6571
6572|6572
6573|6573
6574|6574
6575|6575
6576|6576
6577|6577
6578|6578
6579|6579
6580|6580
6581|6581
6582|6582
6583|6583
6584|6584
6585|6585
6586|6586
6587|6587
6588|6588
6589|6589
6590|6590
6591|6591
6592|6592
6593|6593
6594|6594
6595|6595
6596|6596
6597|6597
6598|6598
6599|6599
6600|6600
6601|6601
6602|6602
6603|6603
6604|6604
6605|6605
6606|6606
6607|6607
6608|6608
6609|6609
6610|6610
6611|6611
6612|6612
6613|6613
6614|6614
6615|6615
6616|6616
6617|6617
6618|6618
6619|6619
6620|6620
6621|6621
6622|6622
6623|6623
6624|6624
6625|6625
6626|6626
6627|6627
6628|6628
6629|6629
6630|6630
6631|6631
6632|6632
6633|6633
6634|6634
6635|6635
6636|6636
6637|6637
6638|6638
6639|6639
6640|6640
6641|6641
6642|6642
6643|6643
6644|6644
6645|6645
6646|6646
6647|6647
6648|6648
6649|6649
6650|6650
6651|6651
6652|6652
6653|6653
6654|6654
6655|6655
6656|6656
6657|6657
6658|6658
6659|6659
6660|6660
6661|6661
6662|6662
6663|6663
6664|6664
6665|6665
6666|6666
6667|6667
6668|6668
6669|6669
6670|6670
6671|6671
6672|6672
6673|6673
6674|6674
6675|6675
6676|6676
6677|6677
6678|6678
6679|6679
6680|6680
6681|6681
6682|6682
6683|6683
6684|6684
6685|6685
6686|6686
6687|6687
6688|6688
6689|6689
6690|6690
6691|6691
6692|6692
6693|6693
6694|6694
6695|6695
6696|6696
6697|6697
6698|6698
6699|6699
6700|6700
6701|6701
6702|6702
6703|6703
6704|6704
6705|6705
6706|6706
6707|6707
6708|6708
6709|6709
6710|6710
6711|6711
6712|6712
6713|6713
6714|6714
6715|6715
6716|6716
6717|6717
6718|6718
6719|6719
6720|6720
6721|6721
6722|6722
6723|6723
6724|6724
6725|6725
6726|6726
6727|6727
6728|6728
6729|6729
6730|6730
6731|6731
6732|6732
6733|6733
6734|6734
6735|6735
6736|6736
6737|6737
6738|6738
6739|6739
6740|6740
6741|6741
6742|6742
6743|6743
6744|6744
6745|6745
6746|6746
6747|6747
6748|6748
6749|6749
6750|6750
6751|6751
6752|6752
6753|6753
6754|6754
6755|6755
6756|6756
6757|6757
6758|6758
6759|6759
6760|6760
6761|6761
6762|6762
6763|6763
6764|6764
6765|6765
6766|6766
6767|6767
6768|6768
6769|6769
6770|6770
6771|6771
6772|6772
6773|6773
6774|6774
6775|6775
6776|6776
6777|6777
6778|6778
6779|6779
6780|6780
6781|6781
6782|6782
6783|6783
6784|6784
6785|6785
6786|6786
6787|6787
6788|6788
6789|6789
6790|6790
6791|6791
6792|6792
6793|6793
6794|6794
6795|6795
6796|6796
6797|6797
6798|6798
6799|6799
6800|6800
6801|6801
6802|6802
6803|6803
6804|6804
6805|6805
6806|6806
6807|6807
6808|6808
6809|6809
6810|6810
6811|6811
6812|6812
6813|6813
6814|6814
6815|6815
6816|6816
6817|6817
6818|6818
6819|6819
6820|6820
6821|6821
6822|6822
6823|6823
6824|6824
6825|6825
6826|6826
6827|6827
6828|6828
6829|6829
6830|6830
6831|6831
6832|6832
6833|6833
6834|6834
6835|6835
6836|6836
6837|6837
6838|6838
6839|6839
6840|6840
6841|6841
6842|6842
6843|6843
6844|6844
6845|6845
6846|6846
6847|6847
6848|6848
6849|6849
6850|6850
6851|6851
6852|6852
6853|6853
6854|6854
6855|6855
6856|6856
6857|6857
6858|6858
6859|6859
6860|6860
6861|6861
6862|6862
6863|6863
6864|6864
6865|6865
6866|6866
6867|6867
6868|6868
6869|6869
6870|6870
6871|6871
6872|6872
6873|6873
6874|6874
6875|6875
6876|6876
6877|6877
6878|6878
6879|6879
6880|6880
6881|6881
6882|6882
6883|6883
6884|6884
6885|6885
6886|6886
6887|6887
6888|6888
6889|6889
6890|6890
6891|6891
6892|6892
6893|6893
6894|6894
6895|6895
6896|6896
6897|6897
6898|6898
6899|6899
6900|6900
6901|6901
6902|6902
6903|6903
6904|6904
6905|6905
6906|6906
6907|6907
6908|6908
6909|6909
6910|6910
6911|6911
6912|6912
6913|6913
6914|6914
6915|6915
6916|6916
6917|6917
6918|6918
6919|6919
6920|6920
6921|6921
6922|6922
6923|6923
6924|6924
6925|6925
6926|6926
6927|6927
6928|6928
6929|6929
6930|6930
6931|6931
6932|6932
6933|6933
6934|6934
6935|6935
6936|6936
6937|6937
6938|6938
6939|6939
6940|6940
6941|6941
6942|6942
6943|6943
6944|6944
6945|6945
6946|6946
6947|6947
6948|6948
6949|6949
6950|6950
6951|6951
6952|6952
6953|6953
6954|6954
6955|6955
6956|6956
6957|6957
6958|6958
6959|6959
6960|6960
6961|6961
6962|6962
6963|6963
6964|6964
6965|6965
6966|6966
6967|6967
6968|6968
6969|6969
6970|6970
6971|6971
6972|6972
6973|6973
6974|6974
6975|6975
6976|6976
6977|6977
6978|6978
6979|6979
6980|6980
6981|6981
6982|6982
6983|6983
6984|6984
6985|6985
6986|6986
6987|6987
6988|6988
6989|6989
6990|6990
6991|6991
6992|6992
6993|6993
6994|6994
6995|6995
6996|6996
6997|6997
6998|6998
6999|6999
7000|7000
7001|7001
7002|7002
7003|7003
7004|7004
7005|7005
7006|7006
7007|7007
7008|7008
7009|7009
7010|7010
7011|7011
7012|7012
7013|7013
7014|7014
7015|7015
7016|7016
7017|7017
7018|7018
7019|7019
7020|7020
7021|7021
7022|7022
7023|7023
7024|7024
7025|7025
7026|7026
7027|7027
7028|7028
7029|7029
7030|7030
7031|7031
7032|7032
7033|7033
7034|7034
7035|7035
7036|7036
7037|7037
7038|7038
7039|7039
7040|7040
7041|7041
7042|7042
7043|7043
7044|7044
7045|7045
7046|7046
7047|7047
7048|7048
7049|7049
7050|7050
7051|7051
7052|7052
7053|7053
7054|7054
7055|7055
7056|7056
7057|7057
7058|7058
7059|7059
7060|7060
7061|7061
7062|7062
7063|7063
7064|7064
7065|7065
7066|7066
7067|7067
7068|7068
7069|7069
7070|7070
7071|7071
7072|7072
7073|7073
7074|7074
7075|7075
7076|7076
7077|7077
7078|7078
7079|7079
7080|7080
7081|7081
7082|7082
7083|7083
7084|7084
7085|7085
7086|7086
7087|7087
7088|7088
7089|7089
7090|7090
7091|7091
7092|7092
7093|7093
7094|7094
7095|7095
7096|7096
7097|7097
7098|7098
7099|7099
7100|7100
7101|7101
7102|7102
7103|7103
7104|7104
7105|7105
7106|7106
7107|7107
7108|7108
7109|7109
7110|7110
7111|7111
7112|7112
7113|7113
7114|7114
7115|7115
7116|7116
7117|7117
7118|7118
7119|7119
7120|7120
7121|7121
7122|7122
7123|7123
7124|7124
7125|7125
7126|7126
7127|7127
7128|7128
7129|7129
7130|7130
7131|7131
7132|7132
7133|7133
7134|7134
7135|7135
7136|7136
7137|7137
7138|7138
7139|7139
7140|7140
7141|7141
7142|7142
7143|7143
7144|7144
7145|7145
7146|7146
7147|7147
7148|7148
7149|7149
7150|7150
7151|7151
7152|7152
7153|7153
7154|7154
7155|7155
7156|7156
7157|7157
7158|7158
7159|7159
7160|7160
7161|7161
7162|7162
7163|7163
7164|7164
7165|7165
7166|7166
7167|7167
7168|7168
7169|7169
7170|7170
7171|7171
7172|7172
7173|7173
7174|7174
7175|7175
7176|7176
7177|7177
7178|7178
7179|7179
7180|7180
7181|7181
7182|7182
7183|7183
7184|7184
7185|7185
7186|7186
7187|7187
7188|7188
7189|7189
7190|7190
7191|7191
7192|7192
7193|7193
7194|7194
7195|7195
7196|7196
7197|7197
7198|7198
7199|7199
7200|7200
7201|7201
7202|7202
7203|7203
7204|7204
7205|7205
7206|7206
7207|7207
7208|7208
7209|7209
7210|7210
7211|7211
7212|7212
7213|7213
7214|7214
7215|7215
7216|7216
7217|7217
7218|7218
7219|7219
7220|7220
7221|7221
7222|7222
7223|7223
7224|7224
7225|7225
7226|7226
7227|7227
7228|7228
7229|7229
7230|7230
7231|7231
7232|7232
7233|7233
7234|7234
7235|7235
7236|7236
7237|7237
7238|7238
7239|7239
7240|7240
7241|7241
7242|7242
7243|7243
7244|7244
7245|7245
7246|7246
7247|7247
7248|7248
7249|7249
7250|7250
7251|7251
7252|7252
7253|7253
7254|7254
7255|7255
7256|7256
7257|7257
7258|7258
7259|7259
7260|7260
7261|7261
7262|7262
7263|7263
7264|7264
7265|7265
7266|7266
7267|7267
7268|7268
7269|7269
7270|7270
7271|7271
7272|7272
7273|7273
7274|7274
7275|7275
7276|7276
7277|7277
7278|7278
7279|7279
7280|7280
7281|7281
7282|7282
7283|7283
7284|7284
7285|7285
7286|7286
7287|7287
7288|7288
7289|7289
7290|7290
7291|7291
7292|7292
7293|7293
7294|7294
7295|7295
7296|7296
7297|7297
7298|7298
7299|7299
7300|7300
7301|7301
7302|7302
7303|7303
7304|7304
7305|7305
7306|7306
7307|7307
7308|7308
7309|7309
7310|7310
7311|7311
7312|7312
7313|7313
7314|7314
7315|7315
7316|7316
7317|7317
7318|7318
7319|7319
7320|7320
7321|7321
7322|7322
7323|7323
7324|7324
7325|7325
7326|7326
7327|7327
7328|7328
7329|7329
7330|7330
7331|7331
7332|7332
7333|7333
7334|7334
7335|7335
7336|7336
7337|7337
7338|7338
7339|7339
7340|7340
7341|7341
7342|7342
7343|7343
7344|7344
7345|7345
7346|7346
7347|7347
7348|7348
7349|7349
7350|7350
7351|7351
7352|7352
7353|7353
7354|7354
7355|7355
7356|7356
7357|7357
7358|7358
7359|7359
7360|7360
7361|7361
7362|7362
7363|7363
7364|7364
7365|7365
7366|7366
7367|7367
7368|7368
7369|7369
7370|7370
7371|7371
7372|7372
7373|7373
7374|7374
7375|7375
7376|7376
7377|7377
7378|7378
7379|7379
7380|7380
7381|7381
7382|7382
7383|7383
7384|7384
7385|7385
7386|7386
7387|7387
7388|7388
7389|7389
7390|7390
7391|7391
7392|7392
7393|7393
7394|7394
7395|7395
7396|7396
7397|7397
7398|7398
7399|7399
7400|7400
7401|7401
7402|7402
7403|7403
7404|7404
7405|7405
7406|7406
7407|7407
7408|7408
7409|7409
7410|7410
7411|7411
7412|7412
7413|7413
7414|7414
7415|7415
7416|7416
7417|7417
7418|7418
7419|7419
7420|7420
7421|7421
7422|7422
7423|7423
7424|7424
7425|7425
7426|7426
7427|7427
7428|7428
7429|7429
7430|7430
7431|7431
7432|7432
7433|7433
7434|7434
7435|7435
7436|7436
7437|7437
7438|7438
7439|7439
7440|7440
7441|7441
7442|7442
7443|7443
7444|7444
7445|7445
7446|7446
7447|7447
7448|7448
7449|7449
7450|7450
7451|7451
7452|7452
7453|7453
7454|7454
7455|7455
7456|7456
7457|7457
7458|7458
7459|7459
7460|7460
7461|7461
7462|7462
7463|7463
7464|7464
7465|7465
7466|7466
7467|7467
7468|7468
7469|7469
7470|7470
7471|7471
7472|7472
7473|7473
7474|7474
7475|7475
7476|7476
7477|7477
7478|7478
7479|7479
7480|7480
7481|7481
7482|7482
7483|7483
7484|7484
7485|7485
7486|7486
7487|7487
7488|7488
7489|7489
7490|7490
7491|7491
7492|7492
7493|7493
7494|7494
7495|7495
7496|7496
7497|7497
7498|7498
7499|7499
7500|7500
7501|1
7501|2
7501|3
7501|4
7501|5
7501|6
7501|7
7501|8
7501|9
7501|10
7501|11
7501|12
7501|13
7501|14
7501|15
7501|16
7501|17
7501|18
7501|19
7501|20
7501|21
7501|22
7501|23
7501|24
7501|25
7501|26
7501|27
7501|28
7501|29
7501|30
7501|31
7501|32
7501|33
7501|34
7501|35
7501|36
7501|37
7501|38
7501|39
7501|40
7501|41
7501|42
7501|43
7501|44
7501|45
7501|46
7501|47
7501|48
7501|49
7501|50
7501|51
7501|52
7501|53
7501|54
7501|55
7501|56
7501|57
7501|58
7501|59
7501|60
7501|61
7501|62
7501|63
7501|64
7501|65
7501|66
7501|67
7501|68
7501|69
7501|70
7501|71
7501|72
7501|73
7501|74
7501|75
7501|76
7501|77
7501|78
7501|79
7501|80
7501|81
7501|82
7501|83
7501|84
7501|85
7501|86
7501|87
7501|88
7501|89
7501|90
7501|91
7501|92
7501|93
7501|94
7501|95
7501|96
7501|97
7501|98
7501|99
7501|100
7501|101
7501|102
7501|103
7501|104
7501|105
7501|106
7501|107
7501|108
7501|109
7501|110
7501|111
7501|112
7501|113
7501|114
7501|115
7501|116
7501|117
7501|118
7501|119
7501|120
7501|121
7501|122
7501|123
7501|124
7501|125
7501|126
7501|127
7501|128
7501|129
7501|130
7501|131
7501|132
7501|133
7501|134
7501|135
7501|136
7501|137
7501|138
7501|139
7501|140
7501|141
7501|142
7501|143
7501|144
7501|145
7501|146
7501|147
7501|148
7501|149
7501|150
7501|151
7501|152
7501|153
7501|154
7501|155
7501|156
7501|157
7501|158
7501|159
7501|160
7501|161
7501|162
7501|163
7501|164
7501|165
7501|166
7501|167
7501|168
7501|169
7501|170
7501|171
7501|172
7501|173
7501|174
7501|175
7501|176
7501|177
7501|178
7501|179
7501|180
7501|181
7501|182
7501|183
7501|184
7501|185
7501|186
7501|187
7501|188
7501|189
7501|190
7501|191
7501|192
7501|193
7501|194
7501|195
7501|196
7501|197
7501|198
7501|199
7501|200
7501|201
7501|202
7501|203
7501|204
7501|205
7501|206
7501|207
7501|208
7501|209
7501|210
7501|211
7501|212
7501|213
7501|214
7501|215
7501|216
7501|217
7501|218
7501|219
7501|220
7501|221
7501|222
7501|223
7501|224
7501|225
7501|226
7501|227
7501|228
7501|229
7501|230
7501|231
7501|232
7501|233
7501|234
7501|235
7501|236
7501|237
7501|238
7501|239
7501|240
7501|241
7501|242
7501|243
7501|244
7501|245
7501|246
7501|247
7501|248
7501|249
7501|250
7501|251
7501|252
7501|253
7501|254
7501|255
7501|256
7501|257
7501|258
7501|259
7501|260
7501|261
7501|262
7501|263
7501|264
7501|265
7501|266
7501|267
7501|268
7501|269
7501|270
7501|271
7501|272
7501|273
7501|274
7501|275
7501|276
7501|277
7501|278
7501|279
7501|280
7501|281
7501|282
7501|283
7501|284
7501|285
7501|286
7501|287
7501|288
7501|289
7501|290
7501|291
7501|292
7501|293
7501|294
7501|295
7501|296
7501|297
7501|298
7501|299
7501|300
7501|301
7501|302
7501|303
7501|304
7501|305
7501|306
7501|307
7501|308
7501|309
7501|310
7501|311
7501|312
7501|313
7501|314
7501|315
7501|316
7501|317
7501|318
7501|319
7501|320
7501|321
7501|322
7501|323
7501|324
7501|325
7501|326
7501|327
7501|328
7501|329
7501|330
7501|331
7501|332
7501|333
7501|334
7501|335
7501|336
7501|337
7501|338
7501|339
7501|340
7501|341
7501|342
7501|343
7501|344
7501|345
7501|346
7501|347
7501|348
7501|349
7501|350
7501|351
7501|352
7501|353
7501|354
7501|355
7501|356
7501|357
7501|358
7501|359
7501|360
7501|361
7501|362
7501|363
7501|364
7501|365
7501|366
7501|367
7501|368
7501|369
7501|370
7501|371
7501|372
7501|373
7501|374
7501|375
7501|376
7501|377
7501|378
7501|379
7501|380
7501|381
7501|382
7501|383
7501|384
7501|385
7501|386
7501|387
7501|388
7501|389
7501|390
7501|391
7501|392
7501|393
7501|394
7501|395
7501|396
7501|397
7501|398
7501|399
7501|400
7501|401
7501|402
7501|403
7501|404
7501|405
7501|406
7501|407
7501|408
7501|409
7501|410
7501|411
7501|412
7501|413
7501|414
7501|415
7501|416
7501|417
7501|418
7501|419
7501|420
7501|421
7501|422
7501|423
7501|424
7501|425
7501|426
7501|427
7501|428
7501|429
7501|430
7501|431
7501|432
7501|433
7501|434
7501|435
7501|436
7501|437
7501|438
7501|439
7501|440
7501|441
7501|442
7501|443
7501|444
7501|445
7501|446
7501|447
7501|448
7501|449
7501|450
7501|451
7501|452
7501|453
7501|454
7501|455
7501|456
7501|457
7501|458
7501|459
7501|460
7501|461
7501|462
7501|463
7501|464
7501|465
7501|466
7501|467
7501|468
7501|469
7501|470
7501|471
7501|472
7501|473
7501|474
7501|475
7501|476
7501|477
7501|478
7501|479
7501|480
7501|481
7501|482
7501|483
7501|484
7501|485
7501|486
7501|487
7501|488
7501|489
7501|490
7501|491
7501|492
7501|493
7501|494
7501|495
7501|496
7501|497
7501|498
7501|499
7501|500
7501|501
7501|502
7501|503
7501|504
7501|505
7501|506
7501|507
7501|508
7501|509
7501|510
7501|511
7501|512
7501|513
7501|514
7501|515
7501|516
7501|517
7501|518
7501|519
7501|520
7501|521
7501|522
7501|523
7501|524
7501|525
7501|526
7501|527
7501|528
7501|529
7501|530
7501|531
7501|532
7501|533
7501|534
7501|535
7501|536
7501|537
7501|538
7501|539
7501|540
7501|541
7501|542
7501|543
7501|544
7501|545
7501|546
7501|547
7501|548
7501|549
7501|550
7501|551
7501|552
7501|553
7501|554
7501|555
7501|556
7501|557
7501|558
7501|559
7501|560
7501|561
7501|562
7501|563
7501|564
7501|565
7501|566
7501|567
7501|568
7501|569
7501|570
7501|571
7501|572
7501|573
7501|574
7501|575
7501|576
7501|577
7501|578
7501|579
7501|580
7501|581
7501|582
7501|583
7501|584
7501|585
7501|586
7501|587
7501|588
7501|589
7501|590
7501|591
7501|592
7501|593
7501|594
7501|595
7501|596
7501|597
7501|598
7501|599
7501|600
7501|601
7501|602
7501|603
7501|604
7501|605
7501|606
7501|607
7501|608
7501|609
7501|610
7501|611
7501|612
7501|613
7501|614
7501|615
7501|616
7501|617
7501|618
7501|619
7501|620
7501|621
7501|622
7501|623
7501|624
7501|625
7501|626
7501|627
7501|628
7501|629
7501|630
7501|631
7501|632
7501|633
7501|634
7501|635
7501|636
7501|637
7501|638
7501|639
7501|640
7501|641
7501|642
7501|643
7501|644
7501|645
7501|646
7501|647
7501|648
7501|649
7501|650
7501|651
7501|652
7501|653
7501|654
7501|655
7501|656
7501|657
7501|658
7501|659
7501|660
7501|661
7501|662
7501|663
7501|664
7501|665
7501|666
7501|667
7501|668
7501|669
7501|670
7501|671
7501|672
7501|673
7501|674
7501|675
7501|676
7501|677
7501|678
7501|679
7501|680
7501|681
7501|682
7501|683
7501|684
7501|685
7501|686
7501|687
7501|688
7501|689
7501|690
7501|691
7501|692
7501|693
7501|694
7501|695
7501|696
7501|697
7501|698
7501|699
7501|700
7501|701
7501|702
7501|703
7501|704
7501|705
7501|706
7501|707
7501|708
7501|709
7501|710
7501|711
7501|712
7501|713
7501|714
7501|715
7501|716
7501|717
7501|718
7501|719
7501|720
7501|721
7501|722
7501|723
7501|724
7501|725
7501|726
7501|727
7501|728
7501|729
7501|730
7501|731
7501|732
7501|733
7501|734
7501|735
7501|736
7501|737
7501|738
7501|739
7501|740
7501|741
7501|742
7501|743
7501|744
7501|745
7501|746
7501|747
7501|748
7501|749
7501|750
7501|751
7501|752
7501|753
7501|754
7501|755
7501|756
7501|757
7501|758
7501|759
7501|760
7501|761
7501|762
7501|763
7501|764
7501|765
7501|766
7501|767
7501|768
7501|769
7501|770
7501|771
7501|772
7501|773
7501|774
7501|775
7501|776
7501|777
7501|778
7501|779
7501|780
7501|781
7501|782
7501|783
7501|784
7501|785
7501|786
7501|787
7501|788
7501|789
7501|790
7501|791
7501|792
7501|793
7501|794
7501|795
7501|796
7501|797
7501|798
7501|799
7501|800
7501|801
7501|802
7501|803
7501|804
7501|805
7501|806
7501|807
7501|808
7501|809
7501|810
7501|811
7501|812
7501|813
7501|814
7501|815
7501|816
7501|817
7501|818
7501|819
7501|820
7501|821
7501|822
7501|823
7501|824
7501|825
7501|826
7501|827
7501|828
7501|829
7501|830
7501|831
7501|832
7501|833
7501|834
7501|835
7501|836
7501|837
7501|838
7501|839
7501|840
7501|841
7501|842
7501|843
7501|844
7501|845
7501|846
7501|847
7501|848
7501|849
7501|850
7501|851
7501|852
7501|853
7501|854
7501|855
7501|856
7501|857
7501|858
7501|859
7501|860
7501|861
7501|862
7501|863
7501|864
7501|865
7501|866
7501|867
7501|868
7501|869
7501|870
7501|871
7501|872
7501|873
7501|874
7501|875
7501|876
7501|877
7501|878
7501|879
7501|880
7501|881
7501|882
7501|883
7501|884
7501|885
7501|886
7501|887
7501|888
7501|889
7501|890
7501|891
7501|892
7501|893
7501|894
7501|895
7501|896
7501|897
7501|898
7501|899
7501|900
7501|901
7501|902
7501|903
7501|904
7501|905
7501|906
7501|907
7501|908
7501|909
7501|910
7501|911
7501|912
7501|913
7501|914
7501|915
7501|916
7501|917
7501|918
7501|919
7501|920
7501|921
7501|922
7501|923
7501|924
7501|925
7501|926
7501|927
7501|928
7501|929
7501|930
7501|931
7501|932
7501|933
7501|934
7501|935
7501|936
7501|937
7501|938
7501|939
7501|940
7501|941
7501|942
7501|943
7501|944
7501|945
7501|946
7501|947
7501|948
7501|949
7501|950
7501|951
7501|952
7501|953
7501|954
7501|955
7501|956
7501|957
7501|958
7501|959
7501|960
7501|961
7501|962
7501|963
7501|964
7501|965
7501|966
7501|967
7501|968
7501|969
7501|970
7501|971
7501|972
7501|973
7501|974
7501|975
7501|976
7501|977
7501|978
7501|979
7501|980
7501|981
7501|982
7501|983
7501|984
7501|985
7501|986
7501|987
7501|988
7501|989
7501|990
7501|991
7501|992
7501|993
7501|994
7501|995
7501|996
7501|997
7501|998
7501|999
7501|1000
7501|1001
7501|1002
7501|1003
7501|1004
7501|1005
7501|1006
7501|1007
7501|1008
7501|1009
7501|1010
7501|1011
7501|1012
7501|1013
7501|1014
7501|1015
7501|1016
7501|1017
7501|1018
7501|1019
7501|1020
7501|1021
7501|1022
7501|1023
7501|1024
7501|1025
7501|1026
7501|1027
7501|1028
7501|1029
7501|1030
7501|1031
7501|1032
7501|1033
7501|1034
7501|1035
7501|1036
7501|1037
7501|1038
7501|1039
7501|1040
7501|1041
7501|1042
7501|1043
7501|1044
7501|1045
7501|1046
7501|1047
7501|1048
7501|1049
7501|1050
7501|1051
7501|1052
7501|1053
7501|1054
7501|1055
7501|1056
7501|1057
7501|1058
7501|1059
7501|1060
7501|1061
7501|1062
7501|1063
7501|1064
7501|1065
7501|1066
7501|1067
7501|1068
7501|1069
7501|1070
7501|1071
7501|1072
7501|1073
7501|1074
7501|1075
7501|1076
7501|1077
7501|1078
7501|1079
7501|1080
7501|1081
7501|1082
7501|1083
7501|1084
7501|1085
7501|1086
7501|1087
7501|1088
7501|1089
7501|1090
7501|1091
7501|1092
7501|1093
7501|1094
7501|1095
7501|1096
7501|1097
7501|1098
7501|1099
7501|1100
7501|1101
7501|1102
7501|1103
7501|1104
7501|1105
7501|1106
7501|1107
7501|1108
7501|1109
7501|1110
7501|1111
7501|1112
7501|1113
7501|1114
7501|1115
7501|1116
7501|1117
7501|1118
7501|1119
7501|1120
7501|1121
7501|1122
7501|1123
7501|1124
7501|1125
7501|1126
7501|1127
7501|1128
7501|1129
7501|1130
7501|1131
7501|1132
7501|1133
7501|1134
7501|1135
7501|1136
7501|1137
7501|1138
7501|1139
7501|1140
7501|1141
7501|1142
7501|1143
7501|1144
7501|1145
7501|1146
7501|1147
7501|1148
7501|1149
7501|1150
7501|1151
7501|1152
7501|1153
7501|1154
7501|1155
7501|1156
7501|1157
7501|1158
7501|1159
7501|1160
7501|1161
7501|1162
7501|1163
7501|1164
7501|1165
7501|1166
7501|1167
7501|1168
7501|1169
7501|1170
7501|1171
7501|1172
7501|1173
7501|1174
7501|1175
7501|1176
7501|1177
7501|1178
7501|1179
7501|1180
7501|1181
7501|1182
7501|1183
7501|1184
7501|1185
7501|1186
7501|1187
7501|1188
7501|1189
7501|1190
7501|1191
7501|1192
7501|1193
7501|1194
7501|1195
7501|1196
7501|1197
7501|1198
7501|1199
7501|1200
7501|1201
7501|1202
7501|1203
7501|1204
7501|1205
7501|1206
7501|1207
7501|1208
7501|1209
7501|1210
7501|1211
7501|1212
7501|1213
7501|1214
7501|1215
7501|1216
7501|1217
7501|1218
7501|1219
7501|1220
7501|1221
7501|1222
7501|1223
7501|1224
7501|1225
7501|1226
7501|1227
7501|1228
7501|1229
7501|1230
7501|1231
7501|1232
7501|1233
7501|1234
7501|1235
7501|1236
7501|1237
7501|1238
7501|1239
7501|1240
7501|1241
7501|1242
7501|1243
7501|1244
7501|1245
7501|1246
7501|1247
7501|1248
7501|1249
7501|1250
8751|8751
8752|8752
8753|8753
8754|8754
8755|8755
8756|8756
8757|8757
8758|8758
8759|8759
8760|8760
8761|8761
8762|8762
8763|8763
8764|8764
8765|8765
8766|8766
8767|8767
8768|8768
8769|8769
8770|8770
8771|8771
8772|8772
8773|8773
8774|8774
8775|8775
8776|8776
8777|8777
8778|8778
8779|8779
8780|8780
8781|8781
8782|8782
8783|8783
8784|8784
8785|8785
8786|8786
8787|8787
8788|8788
8789|8789
8790|8790
8791|8791
8792|8792
8793|8793
8794|8794
8795|8795
8796|8796
8797|8797
8798|8798
8799|8799
8800|8800
8801|8801
8802|8802
8803|8803
8804|8804
8805|8805
8806|8806
8807|8807
8808|8808
8809|8809
8810|8810
8811|8811
8812|8812
8813|8813
8814|8814
8815|8815
8816|8816
8817|8817
8818|8818
8819|8819
8820|8820
8821|8821
8822|8822
8823|8823
8824|8824
8825|8825
8826|8826
8827|8827
8828|8828
8829|8829
8830|8830
8831|8831
8832|8832
8833|8833
8834|8834
8835|8835
8836|8836
8837|8837
8838|8838
8839|8839
8840|8840
8841|8841
8842|8842
8843|8843
8844|8844
8845|8845
8846|8846
8847|8847
8848|8848
8849|8849
8850|8850
8851|8851
8852|8852
8853|8853
8854|8854
8855|8855
8856|8856
8857|8857
8858|8858
8859|8859
8860|8860
8861|8861
8862|8862
8863|8863
8864|8864
8865|8865
8866|8866
8867|8867
8868|8868
8869|8869
8870|8870
8871|8871
8872|8872
8873|8873
8874|8874
8875|8875
8876|8876
8877|8877
8878|8878
8879|8879
8880|8880
8881|8881
8882|8882
8883|8883
8884|8884
8885|8885
8886|8886
8887|8887
8888|8888
8889|8889
8890|8890
8891|8891
8892|8892
8893|8893
8894|8894
8895|8895
8896|8896
8897|8897
8898|8898
8899|8899
8900|8900
8901|8901
8902|8902
8903|8903
8904|8904
8905|8905
8906|8906
8907|8907
8908|8908
8909|8909
8910|8910
8911|8911
8912|8912
8913|8913
8914|8914
8915|8915
8916|8916
8917|8917
8918|8918
8919|8919
8920|8920
8921|8921
8922|8922
8923|8923
8924|8924
8925|8925
8926|8926
8927|8927
8928|8928
8929|8929
8930|8930
8931|8931
8932|8932
8933|8933
8934|8934
8935|8935
8936|8936
8937|8937
8938|8938
8939|8939
8940|8940
8941|8941
8942|8942
8943|8943
8944|8944
8945|8945
8946|8946
8947|8947
8948|8948
8949|8949
8950|8950
8951|8951
8952|8952
8953|8953
8954|8954
8955|8955
8956|8956
8957|8957
8958|8958
8959|8959
8960|8960
8961|8961
8962|8962
8963|8963
8964|8964
8965|8965
8966|8966
8967|8967
8968|8968
8969|8969
8970|8970
8971|8971
8972|8972
8973|8973
8974|8974
8975|8975
8976|8976
8977|8977
8978|8978
8979|8979
8980|8980
8981|8981
8982|8982
8983|8983
8984|8984
8985|8985
8986|8986
8987|8987
8988|8988
8989|8989
8990|8990
8991|8991
8992|8992
8993|8993
8994|8994
8995|8995
8996|8996
8997|8997
8998|8998
8999|8999
9000|9000
9001|9001
9002|9002
9003|9003
9004|9004
9005|9005
9006|9006
9007|9007
9008|9008
9009|9009
9010|9010
9011|9011
9012|9012
9013|9013
9014|9014
9015|9015
9016|9016
9017|9017
9018|9018
9019|9019
9020|9020
9021|9021
9022|9022
9023|9023
9024|9024
9025|9025
9026|9026
9027|9027
9028|9028
9029|9029
9030|9030
9031|9031
9032|9032
9033|9033
9034|9034
9035|9035
9036|9036
9037|9037
9038|9038
9039|9039
9040|9040
9041|9041
9042|9042
9043|9043
9044|9044
9045|9045
9046|9046
9047|9047
9048|9048
9049|9049
9050|9050
9051|9051
9052|9052
9053|9053
9054|9054
9055|9055
9056|9056
9057|9057
9058|9058
9059|9059
9060|9060
9061|9061
9062|9062
9063|9063
9064|9064
9065|9065
9066|9066
9067|9067
9068|9068
9069|9069
9070|9070
9071|9071
9072|9072
9073|9073
9074|9074
9075|9075
9076|9076
9077|9077
9078|9078
9079|9079
9080|9080
9081|9081
9082|9082
9083|9083
9084|9084
9085|9085
9086|9086
9087|9087
9088|9088
9089|9089
9090|9090
9091|9091
9092|9092
9093|9093
9094|9094
9095|9095
9096|9096
9097|9097
9098|9098
9099|9099
9100|9100
9101|9101
9102|9102
9103|9103
9104|9104
9105|9105
9106|9106
9107|9107
9108|9108
9109|9109
9110|9110
9111|9111
9112|9112
9113|9113
9114|9114
9115|9115
9116|9116
9117|9117
9118|9118
9119|9119
9120|9120
9121|9121
9122|9122
9123|9123
9124|9124
9125|9125
9126|9126
9127|9127
9128|9128
9129|9129
9130|9130
9131|9131
9132|9132
9133|9133
9134|9134
9135|9135
9136|9136
9137|9137
9138|9138
9139|9139
9140|9140
9141|9141
9142|9142
9143|9143
9144|9144
9145|9145
9146|9146
9147|9147
9148|9148
9149|9149
9150|9150
9151|9151
9152|9152
9153|9153
9154|9154
9155|9155
9156|9156
9157|9157
9158|9158
9159|9159
9160|9160
9161|9161
9162|9162
9163|9163
9164|9164
9165|9165
9166|9166
9167|9167
9168|9168
9169|9169
9170|9170
9171|9171
9172|9172
9173|9173
9174|9174
9175|9175
9176|9176
9177|9177
9178|9178
9179|9179
9180|9180
9181|9181
9182|9182
9183|9183
9184|9184
9185|9185
9186|9186
9187|9187
9188|9188
9189|9189
9190|9190
9191|9191
9192|9192
9193|9193
9194|9194
9195|9195
9196|9196
9197|9197
9198|9198
9199|9199
9200|9200
9201|9201
9202|9202
9203|9203
9204|9204
9205|9205
9206|9206
9207|9207
9208|9208
9209|9209
9210|9210
9211|9211
9212|9212
9213|9213
9214|9214
9215|9215
9216|9216
9217|9217
9218|9218
9219|9219
9220|9220
9221|9221
9222|9222
9223|9223
9224|9224
9225|9225
9226|9226
9227|9227
9228|9228
9229|9229
9230|9230
9231|9231
9232|9232
9233|9233
9234|9234
9235|9235
9236|9236
9237|9237
9238|9238
9239|9239
9240|9240
9241|9241
9242|9242
9243|9243
9244|9244
9245|9245
9246|9246
9247|9247
9248|9248
9249|9249
9250|9250
9251|9251
9252|9252
9253|9253
9254|9254
9255|9255
9256|9256
9257|9257
9258|9258
9259|9259
9260|9260
9261|9261
9262|9262
9263|9263
9264|9264
9265|9265
9266|9266
9267|9267
9268|9268
9269|9269
9270|9270
9271|9271
9272|9272
9273|9273
9274|9274
9275|9275
9276|9276
9277|9277
9278|9278
9279|9279
9280|9280
9281|9281
9282|9282
9283|9283
9284|9284
9285|9285
9286|9286
9287|9287
9288|9288
9289|9289
9290|9290
9291|9291
9292|9292
9293|9293
9294|9294
9295|9295
9296|9296
9297|9297
9298|9298
9299|9299
9300|9300
9301|9301
9302|9302
9303|9303
9304|9304
9305|9305
9306|9306
9307|9307
9308|9308
9309|9309
9310|9310
9311|9311
9312|9312
9313|9313
9314|9314
9315|9315
9316|9316
9317|9317
9318|9318
9319|9319
9320|9320
9321|9321
9322|9322
9323|9323
9324|9324
9325|9325
9326|9326
9327|9327
9328|9328
9329|9329
9330|9330
9331|9331
9332|9332
9333|9333
9334|9334
9335|9335
9336|9336
9337|9337
9338|9338
9339|9339
9340|9340
9341|9341
9342|9342
9343|9343
9344|9344
9345|9345
9346|9346
9347|9347
9348|9348
9349|9349
9350|9350
9351|9351
9352|9352
9353|9353
9354|9354
9355|9355
9356|9356
9357|9357
9358|9358
9359|9359
9360|9360
9361|9361
9362|9362
9363|9363
9364|9364
9365|9365
9366|9366
9367|9367
9368|9368
9369|9369
9370|9370
9371|9371
9372|9372
9373|9373
9374|9374
9375|9375
9376|9376
9377|9377
9378|9378
9379|9379
9380|9380
9381|9381
9382|9382
9383|9383
9384|9384
9385|9385
9386|9386
9387|9387
9388|9388
9389|9389
9390|9390
9391|9391
9392|9392
9393|9393
9394|9394
9395|9395
9396|9396
9397|9397
9398|9398
9399|9399
9400|9400
9401|9401
9402|9402
9403|9403
9404|9404
9405|9405
9406|9406
9407|9407
9408|9408
9409|9409
9410|9410
9411|9411
9412|9412
9413|9413
9414|9414
9415|9415
9416|9416
9417|9417
9418|9418
9419|9419
9420|9420
9421|9421
9422|9422
9423|9423
9424|9424
9425|9425
9426|9426
9427|9427
9428|9428
9429|9429
9430|9430
9431|9431
9432|9432
9433|9433
9434|9434
9435|9435
9436|9436
9437|9437
9438|9438
9439|9439
9440|9440
9441|9441
9442|9442
9443|9443
9444|9444
9445|9445
9446|9446
9447|9447
9448|9448
9449|9449
9450|9450
9451|9451
9452|9452
9453|9453
9454|9454
9455|9455
9456|9456
9457|9457
9458|9458
9459|9459
9460|9460
9461|9461
9462|9462
9463|9463
9464|9464
9465|9465
9466|9466
9467|9467
9468|9468
9469|9469
9470|9470
9471|9471
9472|9472
9473|9473
9474|9474
9475|9475
9476|9476
9477|9477
9478|9478
9479|9479
9480|9480
9481|9481
9482|9482
9483|9483
9484|9484
9485|9485
9486|9486
9487|9487
9488|9488
9489|9489
9490|9490
9491|9491
9492|9492
9493|9493
9494|9494
9495|9495
9496|9496
9497|9497
9498|9498
9499|9499
9500|9500
9501|9501
9502|9502
9503|9503
9504|9504
9505|9505
9506|9506
9507|9507
9508|9508
9509|9509
9510|9510
9511|9511
9512|9512
9513|9513
9514|9514
9515|9515
9516|9516
9517|9517
9518|9518
9519|9519
9520|9520
9521|9521
9522|9522
9523|9523
9524|9524
9525|9525
9526|9526
9527|9527
9528|9528
9529|9529
9530|9530
9531|9531
9532|9532
9533|9533
9534|9534
9535|9535
9536|9536
9537|9537
9538|9538
9539|9539
9540|9540
9541|9541
9542|9542
9543|9543
9544|9544
9545|9545
9546|9546
9547|9547
9548|9548
9549|9549
9550|9550
9551|9551
9552|9552
9553|9553
9554|9554
9555|9555
9556|9556
9557|9557
9558|9558
9559|9559
9560|9560
9561|9561
9562|9562
9563|9563
9564|9564
9565|9565
9566|9566
9567|9567
9568|9568
9569|9569
9570|9570
9571|9571
9572|9572
9573|9573
9574|9574
9575|9575
9576|9576
9577|9577
9578|9578
9579|9579
9580|9580
9581|9581
9582|9582
9583|9583
9584|9584
9585|9585
9586|9586
9587|9587
9588|9588
9589|9589
9590|9590
9591|9591
9592|9592
9593|9593
9594|9594
9595|9595
9596|9596
9597|9597
9598|9598
9599|9599
9600|9600
9601|9601
9602|9602
9603|9603
9604|9604
9605|9605
9606|9606
9607|9607
9608|9608
9609|9609
9610|9610
9611|9611
9612|9612
9613|9613
9614|9614
9615|9615
9616|9616
9617|9617
9618|9618
9619|9619
9620|9620
9621|9621
9622|9622
9623|9623
9624|9624
9625|9625
9626|9626
9627|9627
9628|9628
9629|9629
9630|9630
9631|9631
9632|9632
9633|9633
9634|9634
9635|9635
9636|9636
9637|9637
9638|9638
9639|9639
9640|9640
9641|9641
9642|9642
9643|9643
9644|9644
9645|9645
9646|9646
9647|9647
9648|9648
9649|9649
9650|9650
9651|9651
9652|9652
9653|9653
9654|9654
9655|9655
9656|9656
9657|9657
9658|9658
9659|9659
9660|9660
9661|9661
9662|9662
9663|9663
9664|9664
9665|9665
9666|9666
9667|9667
9668|9668
9669|9669
9670|9670
9671|9671
9672|9672
9673|9673
9674|9674
9675|9675
9676|9676
9677|9677
9678|9678
9679|9679
9680|9680
9681|9681
9682|9682
9683|9683
9684|9684
9685|9685
9686|9686
9687|9687
9688|9688
9689|9689
9690|9690
9691|9691
9692|9692
9693|9693
9694|9694
9695|9695
9696|9696
9697|9697
9698|9698
9699|9699
9700|9700
9701|9701
9702|9702
9703|9703
9704|9704
9705|9705
9706|9706
9707|9707
9708|9708
9709|9709
9710|9710
9711|9711
9712|9712
9713|9713
9714|9714
9715|9715
9716|9716
9717|9717
9718|9718
9719|9719
9720|9720
9721|9721
9722|9722
9723|9723
9724|9724
9725|9725
9726|9726
9727|9727
9728|9728
9729|9729
9730|9730
9731|9731
9732|9732
9733|9733
9734|9734
9735|9735
9736|9736
9737|9737
9738|9738
9739|9739
9740|9740
9741|9741
9742|9742
9743|9743
9744|9744
9745|9745
9746|9746
9747|9747
9748|9748
9749|9749
9750|9750
9751|9751
9752|9752
9753|9753
9754|9754
9755|9755
9756|9756
9757|9757
9758|9758
9759|9759
9760|9760
9761|9761
9762|9762
9763|9763
9764|9764
9765|9765
9766|9766
9767|9767
9768|9768
9769|9769
9770|9770
9771|9771
9772|9772
9773|9773
9774|9774
9775|9775
9776|9776
9777|9777
9778|9778
9779|9779
9780|9780
9781|9781
9782|9782
9783|9783
9784|9784
9785|9785
9786|9786
9787|9787
9788|9788
9789|9789
9790|9790
9791|9791
9792|9792
9793|9793
9794|9794
9795|9795
9796|9796
9797|9797
9798|9798
9799|9799
9800|9800
9801|9801
9802|9802
9803|9803
9804|9804
9805|9805
9806|9806
9807|9807
9808|9808
9809|9809
9810|9810
9811|9811
9812|9812
9813|9813
9814|9814
9815|9815
9816|9816
9817|9817
9818|9818
9819|9819
9820|9820
9821|9821
9822|9822
9823|9823
9824|9824
9825|9825
9826|9826
9827|9827
9828|9828
9829|9829
9830|9830
9831|9831
9832|9832
9833|9833
9834|9834
9835|9835
9836|9836
9837|9837
9838|9838
9839|9839
9840|9840
9841|9841
9842|9842
9843|9843
9844|9844
9845|9845
9846|9846
9847|9847
9848|9848
9849|9849
9850|9850
9851|9851
9852|9852
9853|9853
9854|9854
9855|9855
9856|9856
9857|9857
9858|9858
9859|9859
9860|9860
9861|9861
9862|9862
9863|9863
9864|9864
9865|9865
9866|9866
9867|9867
9868|9868
9869|9869
9870|9870
9871|9871
9872|9872
9873|9873
9874|9874
9875|9875
9876|9876
9877|9877
9878|9878
9879|9879
9880|9880
9881|9881
9882|9882
9883|9883
9884|9884
9885|9885
9886|9886
9887|9887
9888|9888
9889|9889
9890|9890
9891|9891
9892|9892
9893|9893
9894|9894
9895|9895
9896|9896
9897|9897
9898|9898
9899|9899
9900|9900
9901|9901
9902|9902
9903|9903
9904|9904
9905|9905
9906|9906
9907|9907
9908|9908
9909|9909
9910|9910
9911|9911
9912|9912
9913|9913
9914|9914
9915|9915
9916|9916
9917|9917
9918|9918
9919|9919
9920|9920
9921|9921
9922|9922
9923|9923
9924|9924
9925|9925
9926|9926
9927|9927
9928|9928
9929|9929
9930|9930
9931|9931
9932|9932
9933|9933
9934|9934
9935|9935
9936|9936
9937|9937
9938|9938
9939|9939
9940|9940
9941|9941
9942|9942
9943|9943
9944|9944
9945|9945
9946|9946
9947|9947
9948|9948
9949|9949
9950|9950
9951|9951
9952|9952
9953|9953
9954|9954
9955|9955
9956|9956
9957|9957
9958|9958
9959|9959
9960|9960
9961|9961
9962|9962
9963|9963
9964|9964
9965|9965
9966|9966
9967|9967
9968|9968
9969|9969
9970|9970
9971|9971
9972|9972
9973|9973
9974|9974
9975|9975
9976|9976
9977|9977
9978|9978
9979|9979
9980|9980
9981|9981
9982|9982
9983|9983
9984|9984
9985|9985
9986|9986
9987|9987
9988|9988
9989|9989
9990|9990
9991|9991
9992|9992
9993|9993
9994|9994
9995|9995
9996|9996
9997|9997
9998|9998
9999|9999
10000|10000
